Sample Number (10000 samples per second),u_w (V),u_d (V),dalpha_w (rpm),dalpha_d (rpm),dphi (deg/s),dtheta (deg/s),phi (deg),theta (deg),enabled (-)
0,4.497211,-4.2660165,0.0,0.0,0.16528761,3.0381145,-1.5671164,-3.968512,0.0
1,1.2234741,-3.748817,0.0,0.0,1.1629734,4.82336,-1.5526872,-3.9157517,0.0
2,1.5709563,-3.147018,0.0,0.0,2.277645,6.0838146,-1.5284792,-3.8618722,0.0
3,1.5614443,-2.6217642,0.0,0.0,3.15386,6.629835,-1.4904094,-3.8087163,0.0
4,1.5584913,-1.9959779,0.0,0.0,4.1369004,6.3510327,-1.4345361,-3.7638304,0.0
5,1.5919496,-1.4657652,0.0,0.0,4.924011,5.3378057,-1.379261,-3.7296572,0.0
6,1.6491003,-1.0776892,0.0,0.0,5.411312,4.1172285,-1.323444,-3.7060406,0.0
7,1.7142742,-0.6911185,0.0,0.0,5.839461,3.013338,-1.2579509,-3.6898513,0.0
8,1.7716471,-0.3528478,0.0,0.0,6.1656294,2.1689906,-1.1922673,-3.6569037,0.0
9,1.8098818,-0.04400292,0.0,0.0,6.39831,1.7933713,-1.1210587,-3.6199503,0.0
10,1.8115253,0.16595101,0.0,0.0,6.4695373,2.2034802,-1.0576485,-3.568079,0.0
11,1.7629209,0.42886183,0.0,0.0,6.616429,3.467361,-0.98823863,-3.491175,0.0
12,1.6586041,0.67481285,0.0,0.0,6.741844,5.4926286,-0.9212621,-3.3916225,0.0
13,1.5241455,0.90072244,0.0,0.0,6.802013,7.2903543,-0.8502388,-3.2893798,0.0
14,1.3945873,1.1523615,0.0,0.0,6.9126496,8.155671,-0.77862984,-3.1937125,0.0
15,1.3005522,1.392316,0.0,0.0,6.9985585,7.848975,-0.7069279,-3.119233,0.0
16,1.2587793,1.7493515,0.0,0.0,7.2358665,6.697769,-0.61912435,-3.0949626,0.0
17,1.2595596,2.0705059,0.0,0.0,7.4734907,5.3128395,-0.54430693,-3.0773928,0.0
18,1.3029332,2.366034,0.0,0.0,7.6304193,3.4814105,-0.46477363,-3.0755658,0.0
19,1.3804829,2.6534724,0.0,0.0,7.7469826,1.5638092,-0.38117778,-3.08727,0.0
20,1.4671403,2.9373615,0.0,0.0,7.8649116,0.254801,-0.29911366,-3.0884774,0.0
21,1.5332373,3.2515833,0.0,0.0,8.022185,-0.012804351,-0.21293722,-3.063552,0.0
22,1.5601662,3.51437,0.0,0.0,8.092561,0.6788583,-0.13032919,-3.0181258,0.0
23,1.5515008,3.775158,0.0,0.0,8.128026,1.6156571,-0.042420562,-2.9615169,0.0
24,1.5213186,4.044574,0.0,0.0,8.139757,2.342504,0.052704364,-2.9053895,0.0
25,1.4841235,4.2129173,0.0,0.0,8.018928,2.7861674,0.13428447,-2.8692884,0.0
26,1.4506601,4.3838644,0.0,0.0,7.8893256,2.9025729,0.2183291,-2.8470583,0.0
27,1.4289511,4.583809,0.0,0.0,7.7664,2.677185,0.3116903,-2.8370008,0.0
28,1.4313244,4.662916,0.0,0.0,7.460919,1.8744867,0.39302635,-2.8489077,0.0
29,1.4553353,4.69325,0.0,0.0,7.0958757,0.9844714,0.46706626,-2.8734512,0.0
30,1.4913867,4.776575,0.0,0.0,6.827161,0.32519984,0.54357153,-2.902613,0.0
31,1.5299827,4.8377,0.0,0.0,6.5771456,-0.082808875,0.6088314,-2.9222984,0.0
32,1.5652338,4.885777,0.0,0.0,6.2985277,-0.3245727,0.67432183,-2.928491,0.0
33,1.5912938,4.9714746,0.0,0.0,6.024014,-0.29673094,0.75266385,-2.92695,0.0
34,1.5997719,4.9435916,0.0,0.0,5.61832,0.15935287,0.8126899,-2.9127524,0.0
35,1.5773448,4.8216896,0.0,0.0,5.030381,1.2501737,0.8702702,-2.86578,0.0
36,1.5219536,4.7121096,0.0,0.0,4.5060005,2.7222002,0.9212999,-2.8073995,0.0
37,1.4572176,4.6810303,0.0,0.0,4.1472797,3.4704838,0.9720404,-2.7551801,0.0
38,1.4047377,4.57537,0.0,0.0,3.7012432,3.4107885,1.0109901,-2.7234864,0.0
39,1.3831345,4.4389014,0.0,0.0,3.2256591,2.5052154,1.0439596,-2.722742,0.0
40,1.3871194,4.3519974,0.0,0.0,2.8547626,1.54055,1.0767231,-2.7277505,0.0
41,1.4052889,4.2564354,0.0,0.0,2.4837523,0.83831966,1.1063778,-2.7327337,0.0
42,1.4326453,4.116499,0.0,0.0,2.024127,0.2441635,1.1353357,-2.7418487,0.0
43,1.4639957,3.8417559,0.0,0.0,1.3799078,-0.19739662,1.1475598,-2.7515936,0.0
44,1.4904001,3.5995657,0.0,0.0,0.80140144,-0.27716017,1.1601616,-2.7568254,0.0
45,1.4982144,3.4189334,0.0,0.0,0.37409654,0.26232558,1.1688235,-2.7459216,0.0
46,1.4844075,3.2397172,0.0,0.0,0.031360053,1.090425,1.1633743,-2.724001,0.0
47,1.4546355,3.03009,0.0,0.0,-0.3420031,1.824854,1.1522484,-2.6922877,0.0
48,1.4084004,2.9939296,0.0,0.0,-0.39125717,2.7527437,1.1476849,-2.658795,0.0
49,1.3479707,3.071794,0.0,0.0,-0.21427219,3.7274237,1.1451577,-2.6208558,0.0
50,1.2817347,3.0900588,0.0,0.0,-0.10305501,4.482808,1.1325018,-2.5877938,0.0
51,1.2187786,3.0820055,0.0,0.0,-0.09454622,4.8517075,1.1281098,-2.5535986,0.0
52,1.1664065,3.0962822,0.0,0.0,-0.055111744,4.797628,1.1264405,-2.5149522,0.0
53,1.1273662,3.1992424,0.0,0.0,0.14393303,4.5294857,1.1291888,-2.4826236,0.0
54,1.0986869,3.2946703,0.0,0.0,0.33075872,4.256288,1.1313328,-2.4502623,0.0
55,1.0733503,3.392394,0.0,0.0,0.50966877,4.1560574,1.1356674,-2.4093473,0.0
56,1.0509777,3.4316406,0.0,0.0,0.5657686,3.9847867,1.1401306,-2.3602405,0.0
57,1.0344185,3.5232918,0.0,0.0,0.70467734,3.6485915,1.149193,-2.3124325,0.0
58,1.0218302,3.608738,0.0,0.0,0.83115536,3.347929,1.1581649,-2.2663076,0.0
59,1.0054355,3.668843,0.0,0.0,0.8891342,3.3947735,1.1698219,-2.2218697,0.0
60,0.97832763,3.698702,0.0,0.0,0.88823587,3.752066,1.1807321,-2.166179,0.0
61,0.9451786,3.7267284,0.0,0.0,0.8823568,4.0130057,1.1918441,-2.1124365,0.0
62,0.909421,3.7646186,0.0,0.0,0.8942195,4.2130375,1.2034502,-2.0649443,0.0
63,0.8699317,3.7253246,0.0,0.0,0.77467304,4.527741,1.2099179,-2.02222,0.0
64,0.83085555,3.6885862,0.0,0.0,0.66390663,4.694265,1.2157947,-1.9816015,0.0
65,0.79986656,3.7330096,0.0,0.0,0.71075225,4.507303,1.2237244,-1.945401,0.0
66,0.78874844,3.7486155,0.0,0.0,0.6877998,3.7132797,1.2333378,-1.9190768,0.0
67,0.8035398,3.6661582,0.0,0.0,0.48395482,2.465195,1.2388495,-1.9031755,0.0
68,0.8421189,3.5477233,0.0,0.0,0.21682228,1.1275705,1.2423246,-1.9026957,0.0
69,0.89512324,3.4709318,0.0,0.0,0.031225065,0.023939302,1.2467281,-1.9087977,0.0
70,0.9602809,3.3198974,0.0,0.0,-0.23936099,-1.0842221,1.2390385,-1.9221781,0.0
71,1.0277001,3.217146,0.0,0.0,-0.4196927,-1.8870136,1.2331618,-1.9286344,0.0
72,1.0923953,3.2243605,0.0,0.0,-0.37807563,-2.4195843,1.2285943,-1.9431002,0.0
73,1.1434162,3.255519,0.0,0.0,-0.27299687,-2.4299533,1.2216829,-1.9502414,0.0
74,1.1772798,3.3056228,0.0,0.0,-0.15245138,-2.1335099,1.2189229,-1.9545295,0.0
75,1.1993017,3.4501448,0.0,0.0,0.13917875,-1.9166781,1.2206599,-1.9570196,0.0
76,1.2222037,3.5613785,0.0,0.0,0.35984203,-2.0525293,1.2226622,-1.981484,0.0
77,1.2447057,3.627776,0.0,0.0,0.4496449,-2.1139684,1.2311006,-2.0093246,0.0
78,1.2690729,3.6916628,0.0,0.0,0.51146,-2.1804876,1.24347,-2.053221,0.0
79,1.2932285,3.6320028,0.0,0.0,0.3449693,-2.2618208,1.2507229,-2.08198,0.0
80,1.3247902,3.4815392,0.0,0.0,0.009417486,-2.6167872,1.2544423,-2.1262536,0.0
81,1.3660473,3.2853498,0.0,0.0,-0.38843602,-3.1099513,1.2524382,-2.1796114,0.0
82,1.4159284,3.0895045,0.0,0.0,-0.7610733,-3.6505816,1.2462034,-2.2343738,0.0
83,1.4677213,2.8472977,0.0,0.0,-1.1837367,-3.945064,1.2318835,-2.29123,0.0
84,1.5096649,2.6096723,0.0,0.0,-1.5711249,-3.7529013,1.213107,-2.3370652,0.0
85,1.5332533,2.37182,0.0,0.0,-1.9437236,-3.1147053,1.191679,-2.3698516,0.0
86,1.5308887,2.1769607,0.0,0.0,-2.2324884,-2.0785537,1.1712593,-2.3739448,0.0
87,1.5073769,1.9777544,0.0,0.0,-2.4686043,-0.9914665,1.1401716,-2.3773065,0.0
88,1.4690657,1.7755313,0.0,0.0,-2.7285936,-0.03144814,1.1121223,-2.372323,0.0
89,1.4287366,1.5938193,0.0,0.0,-2.9106436,0.4985749,1.0780165,-2.3723557,0.0
90,1.3933852,1.4452682,0.0,0.0,-3.0352628,0.7272088,1.0459574,-2.3754992,0.0
91,1.362434,1.2834576,0.0,0.0,-3.1585097,0.93208617,1.0088798,-2.3792467,0.0
92,1.330875,1.1496749,0.0,0.0,-3.2295315,1.2868998,0.9728837,-2.3756213,0.0
93,1.2996527,1.1048145,0.0,0.0,-3.1310377,1.5916187,0.9396741,-2.3703382,0.0
94,1.2742424,1.067245,0.0,0.0,-2.9991634,1.6198148,0.9033347,-2.3644803,0.0
95,1.2559301,0.9680111,0.0,0.0,-2.988508,1.4826556,0.8657019,-2.3528075,0.0
96,1.2346145,0.9476548,0.0,0.0,-2.839769,1.7073308,0.8326517,-2.3324862,0.0
97,1.1999522,0.9817891,0.0,0.0,-2.5946703,2.3903396,0.8025929,-2.2989438,0.0
98,1.150844,1.0256478,0.0,0.0,-2.346012,3.1260402,0.77542263,-2.2415102,0.0
99,1.0932528,1.0608712,0.0,0.0,-2.1572275,3.7637117,0.75548476,-2.1892257,0.0
100,1.0403357,1.0623552,0.0,0.0,-2.0534272,3.930773,0.7380743,-2.1496704,0.0
101,1.0026072,1.0286676,0.0,0.0,-2.0026076,3.5773733,0.7171472,-2.1178224,0.0
102,0.98523754,0.9962656,0.0,0.0,-1.9643227,2.8944526,0.69886094,-2.1010168,0.0
103,0.9873701,0.92702967,0.0,0.0,-1.9743857,2.0658705,0.6756484,-2.0907,0.0
104,1.0015574,0.8801243,0.0,0.0,-1.9579371,1.3730966,0.655907,-2.0786488,0.0
105,1.020996,0.8085441,0.0,0.0,-1.9823811,0.90100384,0.6343257,-2.0700428,0.0
106,1.0371494,0.76738703,0.0,0.0,-1.9332238,0.745226,0.6109921,-2.0544627,0.0
107,1.0440757,0.71772414,0.0,0.0,-1.9153596,0.8887914,0.5899882,-2.0342076,0.0
108,1.04734,0.69907725,0.0,0.0,-1.8375472,0.9062533,0.5698172,-2.0208478,0.0
109,1.0489458,0.7062566,0.0,0.0,-1.6960543,0.8819104,0.54796,-2.0099347,0.0
110,1.0682138,0.69395435,0.0,0.0,-1.5982715,0.09880294,0.5266513,-2.0261934,0.0
111,1.0773504,0.7362418,0.0,0.0,-1.4149042,0.34612787,0.51021624,-2.0208275,0.0
112,1.0772076,0.8063814,0.0,0.0,-1.180808,0.67479426,0.4950593,-2.0169365,0.0
113,1.0810031,0.9172002,0.0,0.0,-0.87849164,0.50528365,0.48280227,-2.0204813,0.0
114,1.0892202,1.018734,0.0,0.0,-0.6176855,0.27078056,0.47437042,-2.0245056,0.0
115,1.099928,1.1170983,0.0,0.0,-0.3878752,0.09939793,0.4701494,-2.0313585,0.0
116,1.1101894,1.192575,0.0,0.0,-0.22141364,0.03408411,0.46861532,-2.0365858,0.0
117,1.1116393,1.2881647,0.0,0.0,-0.013076122,0.2857885,0.4670906,-2.0261693,0.0
118,1.0997727,1.4195182,0.0,0.0,0.21771316,0.7896825,0.474578,-2.004978,0.0
119,1.0806456,1.5200678,0.0,0.0,0.41686273,1.1776632,0.4764239,-1.9888401,0.0
120,1.0514002,1.6238352,0.0,0.0,0.5816584,1.7342738,0.48536023,-1.9642687,0.0
121,1.0207303,1.7092663,0.0,0.0,0.7349772,2.0414834,0.48967287,-1.9498181,0.0
122,0.9953799,1.7544332,0.0,0.0,0.806119,2.0574722,0.4936692,-1.9391919,0.0
123,0.9780401,1.8408847,0.0,0.0,0.9546035,1.8924541,0.4991992,-1.9303075,0.0
124,0.96922284,1.9873182,0.0,0.0,1.2084846,1.6567695,0.508157,-1.9284557,0.0
125,0.9631249,2.144493,0.0,0.0,1.4728612,1.5836031,0.51917154,-1.9223578,0.0
126,0.95429105,2.3221529,0.0,0.0,1.7423183,1.6914477,0.53669155,-1.9073385,0.0
127,0.9404568,2.5029123,0.0,0.0,2.0126107,1.9177135,0.5551813,-1.8885885,0.0
128,0.91909283,2.7001867,0.0,0.0,2.3077207,2.2689803,0.5753356,-1.8610756,0.0
129,0.8887886,2.8981025,0.0,0.0,2.569037,2.7162213,0.60155624,-1.8244089,0.0
130,0.85001546,3.098423,0.0,0.0,2.837337,3.2223976,0.6274351,-1.784838,0.0
131,0.8080859,3.2615592,0.0,0.0,3.0104287,3.5609744,0.656356,-1.7449967,0.0
132,0.76399785,3.4182515,0.0,0.0,3.1459298,3.839812,0.6894483,-1.6978662,0.0
133,0.71660304,3.59336,0.0,0.0,3.3266218,4.209116,0.7213727,-1.652278,0.0
134,0.6651688,3.7191873,0.0,0.0,3.3945901,4.642692,0.75499576,-1.6052831,0.0
135,0.60843277,3.848746,0.0,0.0,3.434003,5.1044183,0.79489654,-1.5457693,0.0
136,0.54858434,3.9328067,0.0,0.0,3.4160814,5.5266685,0.82829356,-1.4876031,0.0
137,0.4872332,3.9446905,0.0,0.0,3.2584658,5.8813014,0.8597943,-1.4257271,0.0
138,0.4280095,3.9239113,0.0,0.0,3.0376437,6.0415134,0.8904396,-1.3586571,0.0
139,0.36949933,3.8932261,0.0,0.0,2.814109,6.2640405,0.917979,-1.2942293,0.0
140,0.31192937,3.8190815,0.0,0.0,2.5033722,6.453895,0.94491047,-1.2276686,0.0
141,0.26029626,3.700482,0.0,0.0,2.1295884,6.329253,0.9667089,-1.1518959,0.0
142,0.22033975,3.580671,0.0,0.0,1.7674823,5.9536242,0.9860612,-1.0915673,0.0
143,0.1927411,3.447396,0.0,0.0,1.4122665,5.470961,0.9993711,-1.0403475,0.0
144,0.17615126,3.3493755,0.0,0.0,1.1357408,4.9276695,1.0118037,-0.9910198,0.0
145,0.17181878,3.2489316,0.0,0.0,0.89358306,4.2870584,1.0174288,-0.95555115,0.0
146,0.17791598,3.1204493,0.0,0.0,0.6182611,3.6304274,1.0186721,-0.9251238,0.0
147,0.19290207,3.0572684,0.0,0.0,0.47835913,2.9505303,1.0200733,-0.89757854,0.0
148,0.21546991,3.0528593,0.0,0.0,0.4632363,2.2953784,1.0211142,-0.8795717,0.0
149,0.24094427,3.040615,0.0,0.0,0.41216728,1.79743,1.0255363,-0.8635619,0.0
150,0.27002048,3.0266094,0.0,0.0,0.3506353,1.2587869,1.0311322,-0.85168,0.0
151,0.30398053,2.9977293,0.0,0.0,0.2703074,0.6703315,1.0346128,-0.8482712,0.0
152,0.34334603,2.87898,0.0,0.0,0.027596459,0.0529614,1.0337361,-0.8530095,0.0
153,0.3807619,2.8150263,0.0,0.0,-0.10296299,-0.27458894,1.0332386,-0.8560287,0.0
154,0.41629738,2.726884,0.0,0.0,-0.2518458,-0.5649365,1.0271811,-0.86199844,0.0
155,0.4516386,2.6899374,0.0,0.0,-0.29670975,-0.89621633,1.0216187,-0.8712523,0.0
156,0.49047565,2.6669457,0.0,0.0,-0.3065406,-1.3480136,1.0150409,-0.8897647,0.0
157,0.53126323,2.672273,0.0,0.0,-0.2624907,-1.744213,1.0093668,-0.91126865,0.0
158,0.57002366,2.6927664,0.0,0.0,-0.19950299,-1.9620829,1.0058862,-0.9335244,0.0
159,0.60620266,2.7154746,0.0,0.0,-0.12125217,-2.1445193,1.000566,-0.95347756,0.0
160,0.6398962,2.717679,0.0,0.0,-0.08590391,-2.2599137,0.99526125,-0.9801758,0.0
161,0.6710679,2.7579813,0.0,0.0,0.021236986,-2.3462825,0.9912928,-1.0067645,0.0
162,0.69879603,2.8846896,0.0,0.0,0.28013885,-2.3516576,0.9922672,-1.0345136,0.0
163,0.7205931,2.9889517,0.0,0.0,0.4968488,-2.234552,0.99243087,-1.0561882,0.0
164,0.73525983,3.0216846,0.0,0.0,0.5557336,-2.009372,0.99405986,-1.0750935,0.0
165,0.7466466,3.0773258,0.0,0.0,0.6541383,-1.9026399,0.9971261,-1.0925196,0.0
166,0.7556802,3.1597917,0.0,0.0,0.79897326,-1.7960166,1.0018457,-1.1113005,0.0
167,0.7597944,3.3009791,0.0,0.0,1.0380619,-1.5702388,1.0114567,-1.1248055,0.0
168,0.75737077,3.4174628,0.0,0.0,1.2282441,-1.1892389,1.0206028,-1.1415273,0.0
169,0.7461324,3.529353,0.0,0.0,1.3933845,-0.71563137,1.0324147,-1.1436028,0.0
170,0.7301363,3.6272883,0.0,0.0,1.5267951,-0.33516082,1.0446775,-1.1468097,0.0
171,0.71258616,3.727788,0.0,0.0,1.6451037,-0.07696176,1.0604774,-1.1471272,0.0
172,0.69344455,3.8593407,0.0,0.0,1.8222977,0.20746696,1.0773032,-1.1485372,0.0
173,0.66999876,3.9973392,0.0,0.0,2.0061002,0.6085115,1.0953082,-1.1444865,0.0
174,0.64394325,4.1282034,0.0,0.0,2.1948516,0.9458034,1.1098863,-1.1358811,0.0
175,0.6152105,4.2395277,0.0,0.0,2.291097,1.3054581,1.1333984,-1.1256493,0.0
176,0.5837853,4.2804966,0.0,0.0,2.2476401,1.6682433,1.1556708,-1.111043,0.0
177,0.5513625,4.2922654,0.0,0.0,2.1358676,1.9259825,1.1792165,-1.0882248,0.0
178,0.5219683,4.29485,0.0,0.0,2.0171256,2.0289686,1.2006586,-1.0704428,0.0
179,0.49677235,4.273018,0.0,0.0,1.8580402,2.0455904,1.2202667,-1.0534769,0.0
180,0.4791919,4.2421584,0.0,0.0,1.680678,1.8237354,1.2397838,-1.0328262,0.0
181,0.46927696,4.1093063,0.0,0.0,1.3296885,1.5332209,1.2525141,-1.0152379,0.0
182,0.46250862,4.039549,0.0,0.0,1.125017,1.3858448,1.2627183,-0.9987898,0.0
183,0.45813859,3.8990998,0.0,0.0,0.7942327,1.2824653,1.2692136,-0.9890638,0.0
184,0.45886868,3.7719004,0.0,0.0,0.48934758,1.0263375,1.2760174,-0.9804424,0.0
185,0.45953602,3.6813216,0.0,0.0,0.29357114,0.9385474,1.2771739,-0.9673916,0.0
186,0.4598467,3.529919,0.0,0.0,-0.0028188217,0.91716045,1.273774,-0.9624308,0.0
187,0.4586925,3.4000752,0.0,0.0,-0.2635695,0.9323249,1.2719914,-0.9540091,0.0
188,0.45512554,3.2405043,0.0,0.0,-0.5476717,0.95697933,1.26352,-0.93713367,0.0
189,0.45184982,3.0661352,0.0,0.0,-0.8523088,0.90536195,1.2532613,-0.92491436,0.0
190,0.4491045,2.9392436,0.0,0.0,-1.0596367,0.83544755,1.2433151,-0.91217977,0.0
191,0.4469361,2.786729,0.0,0.0,-1.2955148,0.7734339,1.2290597,-0.901995,0.0
192,0.4470209,2.6126893,0.0,0.0,-1.5579821,0.65035635,1.2116363,-0.8961987,0.0
193,0.44985297,2.4108295,0.0,0.0,-1.834056,0.47640726,1.186531,-0.89020425,0.0
194,0.45229214,2.2618673,0.0,0.0,-2.0207632,0.4106643,1.1650617,-0.88180447,0.0
195,0.45310953,2.0727108,0.0,0.0,-2.2570906,0.46239558,1.137665,-0.88171697,0.0
196,-3.3209305,-5.1085577,0.0,0.0,8.0489645,-8.138444,-3.233328,3.8605118,1.0
197,-2.802444,-5.074528,-9.62089,-8.984775,8.302899,-8.728767,-3.0872874,3.8034425,1.0
198,-3.6798875,-2.740703,-16.457964,-19.310495,13.0641365,-9.50121,-2.8636777,3.693936,1.0
199,-4.5549927,-3.5978508,-27.014875,-23.174591,12.488125,-14.0129795,-2.9967446,3.4878623,1.0
200,-3.7048306,-5.0279913,-19.691921,-46.678314,11.562432,-21.025335,-2.887288,3.1687024,1.0
201,-2.8848855,-3.8682837,-20.372551,-56.906208,14.323791,-30.727386,-2.7432861,2.7208452,1.0
202,-1.8084087,-3.2004583,-16.824749,-68.63085,15.969814,-39.5148,-2.554406,2.2731986,1.0
203,-0.95129734,-2.880826,-19.080465,-73.87194,16.415403,-47.37237,-2.4120193,1.539678,1.0
204,-0.25389147,-3.251969,-20.092512,-90.56067,16.578125,-52.152798,-2.243448,0.961884,1.0
205,0.4142594,-3.7043853,-16.710836,-90.894875,14.970382,-51.278778,-2.1221833,0.47452894,1.0
206,0.88579106,-3.210645,-15.190001,-98.20947,15.302626,-48.251427,-1.8567392,0.10421783,1.0
207,1.449523,-2.6007857,-6.8349233,-101.51736,15.984304,-40.83202,-1.6892452,-0.18494222,1.0
208,1.647994,-3.7356222,-3.075599,-102.98852,13.221187,-28.233171,-1.592376,-0.12817495,1.0
209,1.4287586,-4.1277776,-1.3839958,-103.65051,11.865144,-12.543748,-1.4868685,-0.021730011,1.0
210,0.88816804,-3.566726,-0.6227933,-111.11164,13.008615,2.5555809,-1.3348501,0.21626233,1.0
211,0.2055943,-4.3362036,-0.28025603,-115.11794,11.703104,13.411275,-1.3079022,0.54182905,1.0
212,-0.33319822,-4.7198696,3.360289,-116.92078,10.435942,20.856754,-1.1919453,0.76896167,1.0
213,-1.2383738,-4.3539667,-6.158233,-124.24642,11.083542,24.181988,-1.0269941,1.0120065,1.0
214,-2.6006932,-3.9584987,-23.689606,-127.54037,11.527287,22.035131,-0.8958116,1.2056874,1.0
215,-3.519918,-3.1254678,-28.09232,-129.02264,12.236224,11.727711,-0.6882832,1.1366124,1.0
216,-3.6523547,-2.7119544,-24.14708,-136.85548,12.373261,-2.904746,-0.4074065,0.836313,1.0
217,-2.9567866,-1.9986635,-14.353219,-133.22748,12.449703,-17.054949,-0.234729,0.2760755,1.0
218,-2.0498157,-0.95769286,-13.431747,-131.58185,12.904259,-29.99203,0.030078873,-0.20496717,1.0
219,-1.1127347,-1.8801748,-13.017085,-124.32953,9.867664,-37.915504,0.078778826,-0.72433597,1.0
220,-0.33516666,-1.0004531,-16.316887,-121.06598,9.887315,-43.50138,0.32836625,-1.3414705,1.0
221,0.45665818,-0.9297553,-14.315398,-113.08562,8.722792,-46.20268,0.39727733,-1.8793125,1.0
222,0.925444,-1.7601959,-17.947464,-101.03098,5.9137073,-44.261974,0.34452492,-2.2900665,1.0
223,1.4065884,-1.1244149,-11.562758,-91.04634,5.695996,-37.101482,0.41367328,-2.570822,1.0
224,1.7610018,-1.1575112,-5.2032413,-93.06502,5.549381,-24.889015,0.46670485,-2.6487563,1.0
225,1.7868615,-0.8260085,-2.3414586,-80.949875,4.6309557,-9.262746,0.50473106,-2.5125155,1.0
226,1.5010345,0.15636097,-1.0536562,-72.25065,4.857757,4.8403854,0.64726686,-2.0979297,1.0
227,1.1756805,-0.58395696,3.012254,-71.58341,3.2855744,15.189039,0.63833076,-1.7777113,1.0
228,0.8895343,-0.26770726,5.190693,-60.865368,2.5941641,19.422539,0.6595565,-1.5428677,1.0
229,0.7750157,0.08759977,9.308611,-53.436497,2.6731098,20.453032,0.62696433,-1.3287393,1.0
230,0.6008736,-0.28841057,8.024054,-45.536045,1.0192571,20.64632,0.6206871,-1.0633719,1.0
231,0.49219036,0.39491057,7.0972233,-33.514763,0.69648784,17.299469,0.68506545,-0.9793514,1.0
232,0.79724723,0.43678328,14.699287,-29.408058,0.33682072,11.874662,0.68116003,-0.93771803,1.0
233,1.13,0.17698199,13.587478,-26.257168,-0.93214345,5.8539815,0.74453694,-1.0566243,1.0
234,1.2689836,1.3356519,6.114365,-18.978933,0.08274765,-0.868854,0.84328717,-1.2109927,1.0
235,1.6047277,0.10888638,9.726166,-15.054067,-2.1961198,-5.277643,0.716987,-1.2528392,1.0
236,2.0389,0.36601526,12.0471325,-6.7743297,-2.748792,-8.479629,0.74146366,-1.4484886,1.0
237,2.302856,0.9774848,8.907609,-3.0484483,-1.8896544,-10.433282,0.7399228,-1.492074,1.0
238,2.5686224,0.096089125,11.678781,-1.3718017,-3.3608198,-8.197705,0.642963,-1.551304,1.0
239,2.6833525,0.7716056,12.2282505,5.8944592,-3.0183342,-2.966859,0.68348956,-1.5360786,1.0
240,2.5973933,0.7584951,12.475512,2.6525066,-2.2872581,4.4338636,0.6163963,-1.2959747,1.0
241,2.3536036,0.7295797,13.284337,8.356835,-2.786966,12.98201,0.5791332,-1.050198,1.0
242,2.0054443,1.511513,12.95075,10.2723465,-1.7239991,18.562527,0.63940793,-0.7867625,1.0
243,1.8049448,1.0111034,17.333374,11.785764,-2.3099222,21.508884,0.53006285,-0.5394465,1.0
244,1.5165645,0.40256017,15.470376,12.466802,-3.3820655,23.149204,0.4822546,-0.28702232,1.0
245,1.3490329,1.405752,17.422768,12.123015,-1.830487,23.093899,0.5827948,-0.14964221,1.0
246,1.1161535,1.179464,15.510604,12.618564,-2.154259,23.265144,0.54727757,0.088787474,1.0
247,0.84480107,1.238725,13.95257,18.701895,-2.7092,23.271048,0.5440952,0.36153933,1.0
248,0.64670557,2.0784512,13.945946,29.896881,-1.9492618,21.607283,0.49411234,0.53850347,1.0
249,0.26875603,1.6001563,6.275676,27.785746,-2.7858958,18.096012,0.50802094,0.6810183,1.0
250,0.19966482,1.8080263,9.796852,25.527126,-2.0592613,13.101973,0.5022635,0.74115264,1.0
251,0.3836945,2.1755812,12.078941,32.976833,-1.8798826,6.091214,0.45658982,0.6532625,1.0
252,0.54937106,1.5611343,9.270702,36.329197,-3.3217618,0.6030915,0.41791466,0.5459271,1.0
253,0.45443326,1.435218,0.6854166,35.88345,-3.4788852,-2.9401262,0.4086008,0.41687736,1.0
254,0.43852192,1.6621128,0.30843744,37.637177,-2.9616988,-5.679207,0.36644948,0.30012554,1.0
255,0.44667083,1.4401921,0.13879684,45.595295,-3.63405,-6.291298,0.24507973,0.19105488,1.0
256,0.59918773,1.5153958,3.5488582,46.564964,-3.6633885,-6.6004353,0.25809404,0.06501156,1.0
257,0.7875171,1.6401813,5.4321647,49.607063,-3.5368056,-6.450477,0.22102633,0.022080384,1.0
258,0.8059755,1.5144931,2.4444742,48.370262,-3.3761322,-5.20636,0.17239606,-0.031750806,1.0
259,0.9010052,1.6453401,4.935192,50.419453,-3.1719496,-4.5031433,0.14373365,-0.0692733,1.0
260,0.8532898,1.4560444,2.2208364,51.341583,-3.4126697,-3.4730546,0.09877579,-0.056749713,1.0
261,0.8875736,1.2613977,4.4857755,49.15079,-3.3699872,-2.568251,0.06452709,-0.11424638,1.0
262,0.947816,1.4523863,5.853778,50.770687,-3.0754316,-1.5931162,0.05043453,-0.14600195,1.0
263,0.97050786,1.1094494,6.1205993,48.89389,-3.112408,-0.093948774,-0.029764714,-0.123564124,1.0
264,0.9783339,0.89039075,6.2416205,48.056442,-3.1768038,0.7424373,-0.08109679,-0.14663325,1.0
265,0.9880995,1.0770493,6.643908,50.27823,-3.0491889,1.2221901,-0.07980962,-0.13829356,1.0
266,0.9563238,0.79245126,6.4761577,42.160515,-2.8218536,2.8421733,-0.06111173,-0.13639346,1.0
267,0.89250576,0.9227802,6.7494497,40.461857,-2.2346582,4.7835655,-0.08199857,-0.061247256,1.0
268,0.78516454,0.86754936,6.5236516,37.743145,-1.8573762,6.4426284,-0.11335387,0.064185224,1.0
269,0.7980417,0.98263,10.606002,38.47404,-1.5660838,8.097023,-0.13671046,0.20790704,1.0
270,0.68811166,1.5925725,8.2591,43.360397,-0.98040813,9.234717,-0.11465002,0.29866222,1.0
271,0.13466676,1.6885886,-3.953763,41.001804,-0.4280682,9.956585,-0.12878218,0.3890925,1.0
272,-0.10351723,2.011409,2.0559857,47.10364,-0.5412471,10.53512,-0.113634296,0.52291983,1.0
273,-0.60086685,2.142672,-6.0476055,47.24372,-0.31260395,10.955203,-0.10858806,0.61323065,1.0
274,-1.0400279,1.5965402,-6.5573688,49.91824,-1.1089841,11.494328,-0.22097598,0.8162336,1.0
275,-0.7368705,1.7290078,10.9947815,48.51029,-0.9944276,10.772614,-0.16516094,0.881878,1.0
276,-0.28670922,1.6513159,15.40685,47.876713,-0.92587185,7.928818,-0.19239365,0.8918228,1.0
277,0.40968478,1.3272461,22.273798,50.19735,-1.6986791,3.2126095,-0.22153422,0.856312,1.0
278,1.1374651,1.7960907,23.968807,55.147655,-1.8148692,-2.1821818,-0.13012256,0.7047798,1.0
279,1.2836944,1.6165615,10.785962,53.469276,-1.7980821,-4.889382,-0.16440736,0.64888,1.0
280,1.3431807,1.4394742,8.688862,52.714005,-1.9171063,-5.677295,-0.19272876,0.59759873,1.0
281,1.332696,1.3052887,7.396387,49.768383,-1.6795778,-4.818439,-0.22388004,0.536197,1.0
282,1.2486833,0.9568444,7.1635528,51.048603,-2.1530623,-2.2151175,-0.29317492,0.64882755,1.0
283,1.1878027,0.71630925,10.1983,49.02606,-2.1691833,1.8873025,-0.33725494,0.8232653,1.0
284,0.8058499,0.7954961,4.589235,50.71456,-2.0522993,7.3396015,-0.3624699,0.985825,1.0
285,0.27398133,0.115976006,2.0651557,42.35686,-2.345383,12.6449795,-0.3916979,1.2800797,1.0
286,-0.16539009,1.0284925,4.764499,40.55021,-0.4072284,17.392315,-0.3618621,1.5150982,1.0
287,-0.582377,0.66571486,5.6304235,44.294678,-1.1264787,20.481077,-0.44269997,1.8767447,1.0
288,-0.97368526,0.74946904,6.36887,41.42223,-1.0405267,23.189474,-0.370614,2.1973372,1.0
289,-1.5419605,1.2973806,-0.6204082,38.175316,0.3221422,22.438671,-0.34416878,2.4198825,1.0
290,-2.048662,1.3478241,-4.1143627,38.668514,0.37368774,18.753077,-0.3445798,2.5509925,1.0
291,-2.5714061,1.1001118,-12.310661,30.424372,0.68506265,11.706589,-0.32436186,2.3846874,1.0
292,-2.67866,1.4273838,-9.374976,42.3438,0.61027485,3.3328469,-0.42911005,2.2354398,1.0
293,-2.5485659,1.2970462,-7.705773,38.59357,0.34033972,-2.9677448,-0.35507303,2.0478919,1.0
294,-2.296396,1.8671781,-7.302777,38.85673,1.1255046,-8.363308,-0.29012284,1.8349216,1.0
295,-2.471593,1.5733792,-20.718246,37.02084,0.92464477,-12.472624,-0.32488185,1.5834327,1.0
296,-2.665652,1.2362598,-24.663927,38.149002,0.016502336,-15.279292,-0.31181416,1.3754408,1.0
297,-2.7761457,1.841991,-25.044365,43.21413,0.25954494,-16.825153,-0.23553595,1.2086897,1.0
298,-2.7130811,1.1560346,-21.729162,38.98167,-0.16451395,-16.811516,-0.32591322,0.9873241,1.0
299,-2.5972943,1.0214146,-21.283659,39.031376,-0.86253685,-17.949123,-0.25480038,0.771138,1.0
300,-2.532613,1.230227,-23.523245,43.611202,-0.8982235,-19.048395,-0.26390654,0.5066487,1.0
301,-2.473158,0.6518683,-24.531057,39.160355,-1.4454241,-19.860643,-0.28983268,0.2775607,1.0
302,-2.593742,0.88585263,-30.220627,39.118233,-1.1440549,-20.004728,-0.2566377,-0.006537892,1.0
303,-2.5626967,0.7720546,-27.54488,37.138515,-0.6191704,-19.87836,-0.34918907,-0.23729374,1.0
304,-2.738143,0.64081347,-33.31359,36.247643,-0.75899845,-19.296173,-0.35472992,-0.40264267,1.0
305,-2.602586,0.96334046,-26.496653,37.801064,-0.23932426,-18.936214,-0.35894877,-0.6461443,1.0
306,-2.4393506,1.1067488,-25.869091,36.54579,0.16102047,-19.31513,-0.35151425,-0.8653221,1.0
307,-2.3756044,1.0837867,-29.073088,35.98092,0.3076187,-20.160124,-0.37388673,-1.1496837,1.0
308,-2.422534,1.3660101,-34.001286,35.726723,0.54358286,-22.602571,-0.3077314,-1.4028454,1.0
309,-2.1487536,0.84182715,-26.806114,30.403442,0.13499576,-23.545805,-0.32081375,-1.637764,1.0
310,-2.0057683,1.3487763,-29.49475,39.72863,0.12345878,-23.62197,-0.32050237,-1.8519835,1.0
311,-2.3004122,1.2982987,-41.16383,37.413197,0.42890173,-22.830109,-0.34563246,-2.1131902,1.0
312,-2.138955,0.4658175,-30.031563,31.16522,-0.1725702,-21.244694,-0.41838822,-2.252242,1.0
313,-1.7885455,0.7847773,-23.9734,33.559658,-0.1428367,-20.240421,-0.35588497,-2.4615147,1.0
314,-1.7796279,0.6980785,-31.706427,34.637157,-0.08085625,-20.004957,-0.41915202,-2.6432135,1.0
315,-1.7490332,0.2833846,-31.699888,28.610262,-0.37564537,-19.781942,-0.3984973,-2.8605807,1.0
316,-1.3400024,0.50695485,-21.935307,27.201035,0.22795543,-19.915333,-0.3942472,-3.0870433,1.0
317,-1.177966,0.4611267,-27.302885,25.264006,0.4415849,-20.38686,-0.40928274,-3.3298657,1.0
318,-0.84086144,0.50931877,-22.745495,24.392344,0.61536574,-21.060003,-0.40463263,-3.5892208,1.0
319,-0.56065524,1.1561486,-21.74101,25.30297,1.5115507,-19.73633,-0.34420124,-3.672772,1.0
320,-0.4727218,1.1108454,-23.729052,24.409878,1.6211921,-16.736607,-0.361869,-3.7102454,1.0
321,-0.2635578,1.342615,-17.65214,24.010353,1.9073828,-12.790557,-0.31992528,-3.7227998,1.0
322,-0.12526,1.7663183,-15.613821,32.29428,1.7092923,-8.383942,-0.29695427,-3.6672149,1.0
323,-0.18936707,1.1361591,-17.485416,27.55597,0.9486989,-3.7755215,-0.2991722,-3.5955157,1.0
324,-0.09402599,1.7061037,-11.354836,31.935497,1.3684199,-0.4313684,-0.25291297,-3.5246825,1.0
325,0.15109368,1.0909188,-5.1096764,27.394514,1.0883298,1.622403,-0.33660012,-3.4259212,1.0
326,0.40784013,0.771126,-2.2993543,33.817158,-0.19957311,3.000505,-0.35657868,-3.3792148,1.0
327,0.640257,0.85042596,-1.0347095,28.24126,0.59207475,3.4280765,-0.35438886,-3.3583477,1.0
328,0.8061388,0.6865017,-0.46561924,34.198193,0.05967357,4.3606853,-0.4394526,-3.2419322,1.0
329,0.9200029,0.35782003,-0.20952865,28.412727,-0.051732086,5.1219926,-0.42425984,-3.1809843,1.0
330,1.126325,0.5197252,3.7420423,27.116444,0.2830663,5.6485887,-0.39806995,-3.073535,1.0
331,1.196057,0.4222274,1.6839191,25.22594,0.27802697,5.775531,-0.3949396,-2.9781015,1.0
332,1.252083,0.607208,0.7577635,25.678087,0.5780299,4.2085576,-0.38894898,-3.0082903,1.0
333,1.4116875,0.50067675,3.827393,24.57868,0.4719323,3.2904599,-0.38726327,-2.904152,1.0
334,1.5678267,0.69371116,5.5575056,25.386822,0.6118708,3.954534,-0.3578293,-2.7793465,1.0
335,1.6492584,0.70404786,5.9872766,17.93584,1.3778017,5.771797,-0.3390097,-2.6430027,1.0
336,1.6686286,0.91633016,6.5294533,22.397545,1.4042591,8.006697,-0.35539043,-2.506518,1.0
337,1.6495178,1.151127,6.7734327,24.405312,1.4383566,9.831192,-0.31638566,-2.4618196,1.0
338,1.6863167,1.3378044,10.015141,23.99528,1.7698985,11.9500265,-0.2982974,-2.2856026,1.0
339,1.6002699,1.3063718,8.3454485,25.1372,1.583021,13.551108,-0.29999986,-2.119582,1.0
340,1.5732627,1.5138185,10.729519,30.850603,1.2235391,14.702327,-0.27620408,-1.9370009,1.0
341,1.6020725,1.3074677,12.498641,28.209188,0.84966403,14.6474495,-0.2337649,-1.8165396,1.0
342,1.5090637,0.8821056,9.459567,27.02055,0.21654686,14.209666,-0.2542626,-1.7071038,1.0
343,1.4989974,0.7731661,11.229604,31.694557,-0.37137726,13.614852,-0.28448808,-1.5944624,1.0
344,1.5513849,0.7342171,12.72368,28.588968,-0.028048106,12.721407,-0.29637092,-1.500446,1.0
345,1.5750179,0.46698457,12.698455,25.888577,-0.13887343,12.537886,-0.32016358,-1.3484575,1.0
346,1.6058435,0.5151138,13.384663,25.976276,-0.23369668,12.709447,-0.2881647,-1.2805315,1.0
347,1.5766399,0.6950039,12.995897,24.712864,0.2367425,13.625537,-0.2795878,-1.1233398,1.0
348,1.3818289,0.53781533,9.683332,18.283997,0.6610699,14.941215,-0.2823996,-0.9248851,1.0
349,1.389127,1.0520828,14.819551,27.76844,0.8010409,15.200608,-0.30885676,-0.74544245,1.0
350,1.2353839,0.8818715,10.503977,26.822212,0.6529938,14.555081,-0.32592565,-0.61929995,1.0
351,1.1596975,0.8537513,11.699588,25.093536,0.65611005,13.582363,-0.30238575,-0.4626998,1.0
352,1.1467558,1.0571525,12.935172,25.618507,0.9575067,13.006661,-0.29148206,-0.37725174,1.0
353,1.0146707,1.2326341,9.656006,25.854744,1.276201,12.58514,-0.2879163,-0.28448918,1.0
354,0.9617529,0.95175254,11.318001,24.658176,0.9496253,12.378634,-0.30913284,-0.16488573,1.0
355,0.7964148,1.3794975,8.928279,32.585804,0.62903106,13.405493,-0.2564061,-0.032119974,1.0
356,0.5887879,1.3684433,7.504125,27.687153,0.8689119,13.994159,-0.2049145,0.09637944,1.0
357,0.6791481,1.3257627,14.882393,26.785635,0.8443368,13.969091,-0.19825229,0.22936317,1.0
358,0.4659976,1.3465909,6.6970763,33.54316,0.30526614,12.455884,-0.23129928,0.36345977,1.0
359,0.35094664,1.2171268,6.5007176,34.633286,-0.036374193,9.822418,-0.24048309,0.34117627,1.0
360,0.33451018,0.80036074,6.7605014,29.911392,-0.303856,6.9233737,-0.2510561,0.31085327,1.0
361,0.39415762,1.2628589,6.877404,34.949753,-0.0745164,3.928992,-0.22349802,0.2552867,1.0
362,0.37641597,0.943667,3.094832,28.750929,-0.30510306,0.44905394,-0.17598444,0.23669505,1.0
363,0.3879328,0.9916433,1.3926744,34.427544,-0.66822153,-3.048843,-0.2081897,0.11526573,1.0
364,0.42324084,1.1983223,0.62670344,35.027706,-0.57354647,-5.3206906,-0.16180827,0.05373962,1.0
365,0.47315574,0.89864933,0.28201655,30.088882,-0.4169924,-6.4292936,-0.19915234,-0.044066526,1.0
366,0.5434045,1.3154353,0.12690744,39.587082,-0.5691448,-7.5462065,-0.21048744,-0.15761055,1.0
367,0.62051994,0.8334062,0.057108346,32.140602,-0.79726094,-8.3356495,-0.1975179,-0.2305378,1.0
368,0.69709426,0.89267075,0.025698755,33.99858,-0.8813832,-8.660566,-0.1983618,-0.32069787,1.0
369,0.77209437,1.0841992,0.011564439,36.793285,-0.77530956,-8.807561,-0.20290552,-0.42511487,1.0
370,0.8302678,0.944514,0.005203997,36.09229,-0.787471,-8.373921,-0.23731546,-0.49789497,1.0
371,0.8751302,0.6426386,0.002341799,35.77684,-1.1252198,-7.752883,-0.28160793,-0.59668654,1.0
372,0.8796738,0.4553866,0.0010538092,30.425993,-0.8337451,-6.1535325,-0.29364055,-0.6163429,1.0
373,0.8392979,0.7509348,4.7421444E-4,33.22701,-0.53626734,-4.017977,-0.2939373,-0.6131813,1.0
374,0.8941826,0.6351774,3.8353922,29.278568,-0.23683804,-1.7139517,-0.3093504,-0.56713825,1.0
375,0.80401903,0.4335711,1.7259264,26.198896,-0.35912472,0.62418914,-0.30004767,-0.5008399,1.0
376,0.74547184,0.92461765,4.262432,31.32126,0.06617427,3.6989808,-0.2979066,-0.35904068,1.0
377,0.6945668,0.5672137,5.754041,21.259209,0.4795694,5.9465327,-0.299164,-0.2503032,1.0
378,0.5174031,0.949143,2.5893183,29.105507,0.4301282,6.61383,-0.30818722,-0.17468134,1.0
379,0.3058876,0.41667974,1.1651932,20.260685,0.35418063,7.1679735,-0.31208694,-0.08132919,1.0
380,0.10671568,0.66800654,0.52433693,23.443726,0.5900675,7.6153007,-0.3252215,-0.052384835,1.0
381,-0.067561924,0.8385015,0.2359516,23.573215,0.90871096,7.8979287,-0.32136646,-0.017720388,1.0
382,-0.62905055,0.49976292,-11.399358,17.771154,0.9333697,7.883232,-0.33296475,0.029686023,1.0
383,-1.1927276,0.5164702,-15.588908,21.020561,0.65316373,6.565032,-0.3428388,0.074311584,1.0
384,-1.3827059,0.7489533,-10.850187,23.785667,0.76013446,3.1067631,-0.33214197,0.052270394,1.0
385,-1.0807227,1.0915984,-1.3961849,23.72709,1.2536263,-1.2382176,-0.29255202,-0.08595959,1.0
386,-0.84481007,0.59675044,-4.463462,17.840399,1.2239181,-5.828744,-0.34922558,-0.24614783,1.0
387,-1.2616614,0.73628926,-22.926952,21.051722,0.96992934,-8.558014,-0.31844473,-0.3557771,1.0
388,-1.1039608,1.2634941,-10.317129,29.012136,1.0769031,-9.036966,-0.3043565,-0.45601496,1.0
389,-1.0498662,0.88962,-12.313066,20.21867,1.2414984,-8.758642,-0.29358825,-0.53664094,1.0
390,-1.2624207,0.9411478,-19.486479,22.12194,0.9770585,-8.480656,-0.26697266,-0.62269306,1.0
391,-1.2805659,0.6591845,-15.741713,22.978416,0.47982895,-8.551439,-0.29973063,-0.690753,1.0
392,-1.0976332,0.8122618,-10.918949,24.666702,0.40637535,-8.957198,-0.26523164,-0.7998399,1.0
393,-1.2034528,0.6206095,-18.859125,24.123556,0.26219603,-9.974952,-0.29863462,-0.9538704,1.0
394,-0.9957642,0.6210594,-11.973005,23.87914,0.16745323,-11.153,-0.2772411,-1.0781653,1.0
395,-0.8332927,0.23086922,-13.058209,17.908821,0.18963228,-12.104021,-0.30358726,-1.2506001,1.0
396,-0.8235488,0.42487875,-16.335392,21.08251,0.14660522,-11.74775,-0.28898108,-1.3307476,1.0
397,-0.73995876,0.42012393,-14.324993,16.000084,0.6290168,-10.991474,-0.27346417,-1.4756496,1.0
398,-0.95247406,0.44773543,-21.786963,14.363246,0.987052,-10.287562,-0.2929671,-1.533823,1.0
399,-0.5426739,0.58502793,-6.3177333,19.487001,0.7157454,-10.07134,-0.2980202,-1.6737797,1.0
400,-0.45234314,0.5221507,-13.302177,15.28092,1.0125376,-10.673128,-0.2886645,-1.7892921,1.0
401,-0.10197571,0.55293137,-5.98598,14.039622,1.1072963,-10.885647,-0.269358,-1.8784254,1.0
402,0.05727336,0.96898603,-9.66649,19.34137,1.373529,-11.1698675,-0.2701809,-2.0063207,1.0
403,0.014736882,0.75142264,-14.809118,15.215387,1.3553994,-11.521148,-0.26382098,-2.1124563,1.0
404,0.26045647,0.66757274,-6.664103,14.010133,1.2803022,-10.324575,-0.25727928,-2.1743875,1.0
405,0.9192087,1.1735829,7.4603515,19.3281,1.5843765,-8.3188305,-0.23262247,-2.1640358,1.0
406,1.2127312,1.5629665,3.3571582,23.028362,1.8632735,-5.4929266,-0.21363421,-2.0980554,1.0
407,1.3028333,1.2318095,1.5107212,23.386303,1.102803,-2.6116054,-0.20883662,-2.0141964,1.0
408,1.4333686,1.1465389,4.515003,24.850252,0.5648006,-0.4164289,-0.17567617,-1.9904199,1.0
409,1.3909466,1.3376393,2.0317514,24.206154,0.86525285,1.8329203,-0.14596544,-1.932807,1.0
410,1.2844791,0.73615474,0.9142881,23.91631,0.13509625,3.0810301,-0.23106565,-1.8715626,1.0
411,1.308773,1.3749756,4.2466087,32.251965,-0.0026452842,3.4919734,-0.14186335,-1.825948,1.0
412,1.4921604,0.7457307,9.581331,21.676592,-0.081096396,4.500968,-0.14599305,-1.7641976,1.0
413,1.5044826,1.0691447,7.7979984,29.289778,-0.4452831,6.451057,-0.11715683,-1.5711865,1.0
414,1.4430412,1.6249849,7.344278,34.670025,-0.06468916,8.506052,-0.088982105,-1.47261,1.0
415,1.4325421,0.9881137,10.277724,28.625051,-0.35648644,10.851443,-0.14871868,-1.3051105,1.0
416,1.3472362,1.1875619,8.460922,34.375195,-1.0138102,11.074189,-0.07702847,-1.2515635,1.0
417,1.364182,1.3562536,10.780213,35.00415,-0.6845467,10.631109,-0.08552278,-1.172088,1.0
418,1.4324294,0.69334894,12.521454,30.078283,-1.2657237,10.227845,-0.1267133,-1.0474384,1.0
419,1.3674644,0.93694913,9.121054,33.070538,-1.0833236,9.534643,-0.12956376,-0.9807482,1.0
420,1.4020807,1.1107072,11.774832,36.37137,-1.0501301,9.17696,-0.13796651,-0.83616835,1.0
421,1.2844392,0.40023267,8.785073,29.390657,-1.459968,9.99738,-0.18527548,-0.6856721,1.0
422,1.2606587,1.1117449,11.623641,34.71542,-0.87126577,11.033465,-0.1357951,-0.5713457,1.0
423,1.1083906,0.56874204,8.717037,28.645481,-0.9008728,11.564939,-0.20641598,-0.43267077,1.0
424,0.92980456,0.6518902,7.7578454,34.380093,-1.3443985,11.620942,-0.21332209,-0.23655488,1.0
425,0.89754665,0.57092506,10.46827,28.502878,-0.9655562,10.888016,-0.19165263,-0.1779076,1.0
426,0.81029963,0.50272965,8.5459,27.15271,-0.70238405,9.918037,-0.23497482,-0.080917664,1.0
427,0.57831043,0.4210621,3.8456552,25.24226,-0.6406859,9.164033,-0.23726079,-0.004383513,1.0
428,0.6143956,0.5167528,9.400903,25.685432,-0.38748282,8.416246,-0.25526914,0.0059307683,1.0
429,0.45571887,0.67645574,4.230406,24.581985,-0.012473501,7.925009,-0.24059875,0.078113966,1.0
430,0.3764963,0.89913154,5.7388616,25.38831,0.45086002,8.086968,-0.25631654,0.14138901,1.0
431,0.4388971,0.7553239,9.555286,17.93651,0.81312674,8.314584,-0.22330748,0.21924631,1.0
432,0.27991495,1.0596975,4.2998786,22.397844,0.8485935,8.6190605,-0.20795515,0.30182505,1.0
433,0.0850444,1.2467571,1.9349453,24.405445,0.916689,7.719128,-0.1919703,0.3401497,1.0
434,-0.05231034,1.3577663,0.8707254,24.005991,1.070445,5.339261,-0.17053197,0.31647643,1.0
435,-0.094202645,1.6414175,0.39182645,32.29662,0.59611464,1.6041032,-0.15026353,0.27473164,1.0
436,-0.3120509,1.1486522,-7.4940357,28.859894,0.075361535,-2.4436173,-0.16987,0.13810226,1.0
437,-1.0060484,0.9636623,-24.290712,26.010492,0.010721144,-5.7672887,-0.16891637,0.025434472,1.0
438,-1.6631559,1.0539798,-30.106716,33.194347,-0.40869498,-8.882973,-0.20600224,-0.17106305,1.0
439,-1.5054439,0.56760097,-13.548021,27.960997,-0.80769986,-11.253988,-0.20890659,-0.30119297,1.0
440,-1.4398043,0.6466469,-16.555807,32.11776,-1.0409737,-12.871658,-0.22229429,-0.4561925,1.0
441,-1.5149133,0.4780068,-21.39571,27.476532,-0.98408705,-14.188257,-0.20102596,-0.6323398,1.0
442,-1.7836434,0.71332437,-28.803967,26.690855,-0.55234426,-15.78621,-0.17512974,-0.8255318,1.0
443,-1.6234455,0.53671926,-19.934582,25.034426,-0.6042016,-17.485065,-0.19706196,-0.9169245,1.0
444,-1.5479046,0.49494538,-22.919966,24.292585,-0.468783,-18.90034,-0.22077237,-1.1595355,1.0
445,-1.3516421,0.5359436,-20.773182,23.955204,-0.38207653,-20.479063,-0.2142268,-1.3779325,1.0
446,-0.9954873,0.76011604,-17.01829,25.106256,-0.32952318,-22.247715,-0.16515748,-1.6327515,1.0
447,-0.5650138,0.80245554,-14.631029,24.321356,-0.11956474,-23.878744,-0.17054111,-1.9132802,1.0
448,-8.837233E-4,0.3160932,-10.070362,17.45638,-0.3088109,-25.45896,-0.17730698,-2.1835966,1.0
449,0.44568762,0.52446306,-11.504462,20.878912,-0.2734386,-26.61843,-0.17590934,-2.4923363,1.0
450,1.074906,0.526365,-5.1770077,16.558718,0.17900686,-27.424425,-0.16782221,-2.7972393,1.0
451,1.6439205,0.46211052,-2.3296533,20.474964,-0.18847904,-25.561827,-0.2050237,-2.9409103,1.0
452,2.0064347,0.69119316,-1.048344,22.237274,-0.11630337,-19.45946,-0.16988239,-2.9519246,1.0
453,2.114649,0.58542055,-0.47175476,17.169981,0.47656766,-10.81758,-0.21040173,-2.8245468,1.0
454,1.9909197,0.42887074,-0.21228965,14.239446,0.28833374,-1.692277,-0.17660908,-2.5847394,1.0
455,1.8584132,0.71279854,3.390869,19.431292,0.33746958,5.388301,-0.18567732,-2.4027343,1.0
456,1.6246979,0.6357059,1.5258911,15.907289,0.5196577,7.9988246,-0.17529757,-2.3183634,1.0
457,1.6369131,0.19709621,7.65945,13.670051,0.087116,8.741872,-0.21453919,-2.2060983,1.0
458,1.7773457,0.88208735,11.11711,20.47794,0.24246246,8.003092,-0.12904453,-2.1346552,1.0
459,1.9088889,0.49456364,11.975498,15.726842,0.28281644,7.963468,-0.18175007,-2.0675428,1.0
460,2.015648,0.42957863,13.059331,14.240287,0.19793998,8.726257,-0.1611248,-1.9246677,1.0
461,2.0864005,0.9789232,13.547057,20.734545,0.387763,9.609211,-0.12434233,-1.8371315,1.0
462,2.1020882,0.44069913,13.0689745,15.842316,0.2520304,9.888161,-0.1982027,-1.7138269,1.0
463,2.105245,0.17607896,13.5536995,14.2944,-0.12686518,10.418001,-0.19756903,-1.5919424,1.0
464,2.195465,0.52687144,16.558363,19.45602,0.16023473,10.713348,-0.22282942,-1.4756471,1.0
465,2.1920779,-0.15152489,15.12162,8.755209,-6.0431025E-4,10.932704,-0.22793731,-1.3477442,1.0
466,2.1221979,-0.36262003,13.777528,10.451614,-0.35561177,11.228063,-0.27633035,-1.250035,1.0
467,2.0391498,-0.2752423,13.870245,4.7032266,0.12658007,11.991457,-0.21438298,-1.1183634,1.0
468,2.0270076,0.26045933,16.700808,8.628222,1.1268352,13.595871,-0.27173352,-0.9793154,1.0
469,1.9059579,-0.43758774,15.185721,3.8827,0.714443,15.317217,-0.35839215,-0.8101672,1.0
470,1.8682268,-0.20424424,17.292772,1.747215,1.1438552,15.727451,-0.30618125,-0.7147002,1.0
471,1.758371,0.14007117,15.452105,0.7862467,1.8187284,15.462953,-0.27957392,-0.56347317,1.0
472,1.7376049,0.4783315,17.412645,0.35381103,2.06708,14.877236,-0.19191931,-0.41656926,1.0
473,1.8117194,0.6883725,19.343529,0.15921496,2.5972123,13.33895,-0.20386866,-0.3306471,1.0
474,1.7638211,0.6086562,16.374945,0.07164672,2.2416768,12.201596,-0.16942808,-0.16985878,1.0
475,1.6671249,0.63057303,14.341524,0.032241024,2.1873062,11.240698,-0.1513246,-0.1257578,1.0
476,1.7260605,1.1232477,17.959223,7.1777163,2.3011222,10.475271,-0.13471253,-0.0245902,1.0
477,1.6375123,0.9050174,15.054448,9.741743,1.4970763,11.18301,-0.12527393,0.08741522,1.0
478,1.5265414,0.5647029,14.4448595,4.3837843,1.4565675,11.648251,-0.1349977,0.17381075,1.0
479,1.4150876,0.76141703,14.170545,9.135911,1.1902539,11.610006,-0.11210456,0.30346718,1.0
480,1.415668,0.35096982,16.835943,10.622931,0.46971717,11.478933,-0.16510396,0.40141892,1.0
481,1.2190278,0.2739956,11.411353,4.7803187,0.5487998,10.801973,-0.09086847,0.51361614,1.0
482,0.9762143,0.5095855,8.971439,9.316502,0.6881056,10.324481,-0.11974938,0.61080897,1.0
483,0.85836154,-0.089711405,11.009946,4.1924253,0.1842157,10.224812,-0.14744964,0.6605065,1.0
484,0.69518024,0.32543457,8.789654,9.0498,0.51181155,9.836734,-0.15044671,0.6589221,1.0
485,0.6235622,-0.091058105,10.928143,4.0724096,0.3852925,10.296724,-0.1803298,0.7661498,1.0
486,0.4772527,0.26168737,8.752843,8.995792,0.45368406,10.493715,-0.16237365,0.83060837,1.0
487,0.23816727,0.2866317,3.938779,4.048106,1.0756567,8.353075,-0.16284984,0.7956948,1.0
488,0.20190854,0.56438863,5.2588496,8.333419,1.158258,4.0075355,-0.16164483,0.70315677,1.0
489,0.3433109,0.536746,6.2016616,3.7500381,1.3829082,-1.4674034,-0.11954717,0.5182496,1.0
490,0.455486,1.1346376,2.7907474,8.850725,1.865238,-6.5367846,-0.088015184,0.33627445,1.0
491,0.82299036,1.1183244,8.228636,10.4945965,1.7523261,-9.533101,-0.10683129,0.15676463,1.0
492,1.1223521,1.1442043,7.5392156,11.887927,1.4633665,-10.789828,-0.07507906,0.03806011,1.0
493,1.3343154,1.2445959,6.8790464,11.861337,1.3105073,-10.347021,-0.01191532,-0.07040888,1.0
494,1.4954524,1.0833629,6.93075,12.50081,1.0249853,-8.969568,-0.033408873,-0.2551121,1.0
495,1.603324,1.3472528,6.954016,19.95178,0.4419993,-7.8772616,0.015006881,-0.293658,1.0
496,1.7527535,0.61596906,10.102106,15.490071,-0.1229654,-5.700979,-0.06289875,-0.26679063,1.0
497,1.7156323,0.66592747,8.381126,21.296947,-0.6788878,-1.9199584,-0.0638648,-0.16489607,1.0
498,1.6612912,0.66961515,10.744306,22.607168,-0.49056643,2.5287833,-0.12114876,-0.003926252,1.0
499,1.3986136,0.16177706,8.321337,16.684996,-0.76521885,7.895394,-0.1398155,0.18104728,1.0
500,1.0709925,0.23882173,7.57978,21.834663,-1.0403953,12.148162,-0.16655307,0.27138832,1.0
501,0.87363183,0.099722005,11.081259,16.988806,-0.7651945,14.54279,-0.16846707,0.44763038,1.0
502,0.5606779,0.42490992,8.473599,7.6449623,0.89022857,16.49357,-0.15233043,0.6541768,1.0
503,0.381268,1.0119815,11.483478,17.76665,0.9322081,17.608839,-0.14823975,0.8428389,1.0
504,-0.0070220106,0.60245866,5.167565,14.5067625,0.45945236,17.47963,-0.14975818,1.0280528,1.0
505,-0.21497773,1.6016251,6.160583,20.854458,1.303735,14.671426,-0.0608286,1.0402292,1.0
506,-0.13177456,1.3717535,10.44262,16.547714,1.2718325,10.10595,-0.052879002,1.0738157,1.0
507,-0.5457391,1.6526647,-5.7600193,26.981783,0.4530402,5.2146816,-0.01643546,1.0043722,1.0
508,-0.208766,1.6016853,8.913528,19.305008,1.0638382,-0.74782926,0.011711983,0.9758133,1.0
509,0.1025909,0.80582535,7.4974866,21.710796,-0.29820818,-4.9005513,-0.08748271,0.8344154,1.0
510,0.8474385,1.4590883,18.714584,31.259483,-0.5449683,-8.460489,0.0019014357,0.6315647,1.0
511,1.3623152,1.2279946,15.396264,27.09386,-0.37224713,-10.942627,-0.028712591,0.55376405,1.0
512,1.4627765,0.7187139,6.928319,33.68186,-1.7207009,-11.011296,-0.10976568,0.48759142,1.0
513,1.4214888,0.57140696,3.1177435,28.180378,-1.5960361,-11.255466,-0.07551991,0.37724268,1.0
514,1.2743698,0.3515291,1.4029844,27.007587,-1.784542,-8.41744,-0.09912438,0.34190682,1.0
515,1.278888,-0.05316177,7.6041417,25.176954,-2.1759648,-3.5681798,-0.14139177,0.4028513,1.0
516,0.9649423,0.724388,3.4218638,25.656044,-0.98602575,3.5961056,-0.07622036,0.55984557,1.0
517,0.47804564,0.49111468,1.5398386,18.05699,-0.5765048,10.81262,-0.080947444,0.79085785,1.0
518,-0.04307943,0.88602215,0.69292736,29.61527,-1.3962098,15.053153,-0.025820639,1.0131359,1.0
519,-0.4885096,1.5553769,0.31181732,27.653288,-0.13778147,16.500683,0.03693893,1.0150311,1.0
520,-1.1155151,1.387994,-6.832481,25.46752,-0.01780519,16.464,-9.3322253E-4,1.213156,1.0
521,-1.4255899,1.2863649,-3.0746162,25.789665,-0.5390197,14.364132,0.046096362,1.2539617,1.0
522,-1.6091527,1.4984946,-4.869977,31.140661,-0.6572426,8.494174,0.03727274,1.2450137,1.0
523,-1.6563828,1.2785481,-6.026668,28.339714,-0.89881116,2.7297125,0.055278987,1.0981116,1.0
524,-1.5654778,1.1963353,-6.1984,32.28818,-1.1925159,-2.5804162,-0.0016203767,0.9002696,1.0
525,-1.2761,0.85311604,-2.78928,28.856098,-1.4951829,-6.5387836,-0.0050701164,0.78160346,1.0
526,-1.3248043,0.45923308,-11.714375,32.520557,-2.1145084,-7.985467,-0.112580806,0.6124718,1.0
527,-1.5989586,0.09671539,-19.217066,27.657791,-2.2308393,-8.994821,-0.1269466,0.49990502,1.0
528,-1.5394114,-0.34594843,-12.134078,18.957775,-2.0154095,-9.275908,-0.15165125,0.43131703,1.0
529,-1.823961,-0.40041515,-20.80105,8.530999,-1.0904123,-8.33443,-0.12474735,0.41213375,1.0
530,-2.029374,0.21495703,-19.822523,16.866045,-0.73078805,-6.9383454,-0.12995534,0.35759473,1.0
531,-2.1158197,0.20936507,-19.379333,20.613262,-1.0932406,-8.310232,-0.14347921,0.1401978,1.0
532,-2.1549325,0.5449687,-20.226236,9.275968,0.45904627,-10.175791,-0.06617252,-0.01704949,1.0
533,-2.2415266,0.7839824,-23.047403,10.685956,0.7586392,-11.500807,-0.059584524,-0.16252662,1.0
534,-1.8878623,0.9281075,-13.857731,11.320451,0.9026653,-13.909246,-0.04497453,-0.4630164,1.0
535,-1.5366994,1.2690738,-13.906337,19.420618,1.0945568,-16.427774,-0.1153615,-0.6872268,1.0
536,-1.4513916,0.5657765,-20.203447,15.251049,0.30812788,-17.557463,-0.15055443,-0.8382363,1.0
537,-1.4711447,1.1713053,-23.03715,19.886513,0.45675263,-17.046495,-0.049564086,-1.0510992,1.0
538,-1.4532075,1.625466,-21.872253,16.112139,1.6057005,-15.9498005,-0.009585822,-1.1543863,1.0
539,-1.3740752,0.8565025,-20.301712,20.274004,-0.16723514,-15.371109,-0.06300466,-1.3111525,1.0
540,-1.4006449,0.850387,-23.083904,22.14921,-0.51510143,-15.138592,-0.04221095,-1.4496757,1.0
541,-1.3152434,0.57636434,-20.846954,16.478914,-0.24312758,-15.159981,-0.075800225,-1.63953,1.0
542,-1.3768705,0.1096336,-24.721846,21.741928,-1.5970621,-14.881589,-0.114374705,-1.7827102,1.0
543,-1.2949378,-0.052506447,-21.584028,16.295637,-1.4576132,-14.484748,-0.08916086,-1.968398,1.0
544,-1.1946404,0.061809525,-20.17201,20.356579,-1.3836427,-13.22502,-0.14111333,-2.05849,1.0
545,-1.131331,-0.15061037,-19.536602,9.1604595,-0.5965177,-10.883087,-0.13217986,-2.1407537,1.0
546,-0.84719706,0.45964473,-12.62665,18.448622,-0.3737765,-9.62621,-0.13442709,-2.223758,1.0
547,-0.7417746,-0.10600292,-16.14119,8.30188,-0.23725691,-9.638655,-0.16117328,-2.3267138,1.0
548,-0.686627,0.48029256,-17.722733,16.759388,-0.11659732,-10.449004,-0.13790768,-2.4400191,1.0
549,-0.6396785,0.48191854,-18.43633,7.541724,0.7755885,-11.363154,-0.10898915,-2.530428,1.0
550,-0.5741072,-0.025418274,-18.755547,3.3937757,0.39462164,-12.3016,-0.14401759,-2.6997395,1.0
551,-0.15232292,0.32220963,-8.439996,8.690407,0.45252708,-11.605292,-0.13349637,-2.7920618,1.0
552,0.030250283,0.48373014,-10.770797,10.422454,0.7000092,-8.813494,-0.15232661,-2.78005,1.0
553,0.27836666,0.32602495,-4.8468585,4.690104,0.9066495,-4.0179944,-0.13158935,-2.7055902,1.0
554,0.46771693,0.3662059,-2.1810863,2.1105468,1.3578653,0.5323536,-0.14411852,-2.6594872,1.0
555,0.34631124,0.12822384,-7.9542875,0.949746,1.0568774,2.8581672,-0.15502718,-2.5733435,1.0
556,0.38124532,0.23416746,-3.5794291,0.4273857,1.2115264,4.1234026,-0.13324775,-2.5417206,1.0
557,0.6126885,0.43663162,2.2244356,0.19232357,1.5660852,4.048041,-0.11683527,-2.4861493,1.0
558,0.7537265,0.2737371,1.000996,0.0865456,1.2984713,3.3962376,-0.12722552,-2.4362123,1.0
559,0.87355375,0.16272321,0.4504482,0.03894552,1.0870937,1.9015703,-0.1297505,-2.4406166,1.0
560,0.9600742,0.39862582,0.20270169,0.017525483,1.3640503,1.4611787,-0.0920718,-2.3949158,1.0
561,1.0083071,0.50842434,0.09121576,0.0078864675,1.6198614,1.9367886,-0.096485764,-2.357799,1.0
562,1.0186318,0.5291752,0.041047093,0.0035489097,1.4850216,2.6940808,-0.06564073,-2.2829237,1.0
563,1.1280435,0.6873325,3.5048704,6.5133677,1.1607143,3.4900553,-0.08144129,-2.2226732,1.0
564,1.2402453,0.5390498,5.41237,2.9310155,1.0537769,4.92596,-0.045585725,-2.1293564,1.0
565,1.3082867,0.836132,6.2707458,8.482164,0.89274424,6.673354,-0.020531548,-2.0205667,1.0
566,1.3158689,0.5236562,6.3082347,3.8169742,0.9454315,8.18031,-0.050050315,-1.8996302,1.0
567,1.1640176,0.18230696,2.8387058,8.880846,0.05159079,9.283595,-0.11899658,-1.8248599,1.0
568,1.2192495,-0.2496845,8.251485,3.9963808,-0.3275761,9.753084,-0.112661555,-1.7157539,1.0
569,1.2162303,0.17032687,7.5483465,8.961579,-0.017235275,10.16152,-0.11307547,-1.6238068,1.0
570,1.1592968,-0.41694143,6.8831553,4.0327106,-0.41297454,10.848318,-0.15899377,-1.495455,1.0
571,1.2260089,-0.5166248,10.767778,1.8147198,-0.50497025,11.684912,-0.13519311,-1.3946314,1.0
572,1.1694379,-0.5216636,8.3319,0.81662387,-0.17230359,11.951825,-0.17473936,-1.2829111,1.0
573,1.066734,-0.5146821,7.5845337,0.36748073,-0.012748974,12.602339,-0.19092952,-1.1372477,1.0
574,0.94414896,-0.4354897,6.899439,0.16536632,0.20596229,12.861486,-0.19617352,-1.034114,1.0
575,0.9603799,-0.50717354,10.077546,0.07441484,0.11333048,12.333963,-0.20423006,-0.9176008,1.0
576,0.91609615,-0.288237,8.370074,0.03348668,0.3127337,11.390594,-0.15888004,-0.80760956,1.0
577,1.1022427,-0.11750051,14.228585,0.015069005,0.6563535,10.448387,-0.15629233,-0.7224526,1.0
578,0.96268016,-0.084879525,6.402863,0.0067810514,0.65803784,9.787955,-0.14461648,-0.61973596,1.0
579,0.97381186,-0.057650518,9.854087,0.0030514733,0.7236193,9.494845,-0.14606485,-0.52553946,1.0
580,0.8991404,0.014136307,8.269518,0.0013731626,0.808142,9.901905,-0.13475949,-0.38896433,1.0
581,0.7575208,-0.0630239,7.207682,6.179238E-4,0.6589587,11.133364,-0.1368489,-0.22972497,1.0
582,0.6027238,0.023017256,7.078636,2.7806513E-4,0.73443425,12.203635,-0.11889777,-0.081400424,1.0
583,0.18144122,0.026934505,-0.6497928,1.2512926E-4,0.73570645,12.496477,-0.117717296,0.04368292,1.0
584,-0.14424542,-0.11886547,-0.29240674,5.6308407E-5,0.5139276,12.47858,-0.13202262,0.15278308,1.0
585,-0.11750484,-0.1129072,7.5387745,2.5339066E-5,0.511727,12.14318,-0.1295234,0.24911222,1.0
586,0.12175046,-0.22728342,13.851645,1.140282E-5,0.38236707,11.980021,-0.14843667,0.35187855,1.0
587,-0.35705742,-0.3305877,-5.274597,5.1308393E-6,0.22321056,10.383827,-0.15811042,0.37787527,1.0
588,-0.9379227,-0.34101728,-12.832767,2.3090208E-6,0.17845522,7.4362283,-0.15407662,0.3615982,1.0
589,-1.7424291,-0.33459142,-24.95064,1.0389639E-6,0.19577982,3.8819432,-0.15466847,0.2847023,1.0
590,-1.8936489,-0.41746685,-14.714188,4.6791573E-7,0.16346735,-0.24654609,-0.17892425,0.17093655,1.0
591,-1.9863229,-0.4870949,-17.080582,2.1008461E-7,-0.060540475,-4.598115,-0.16520762,0.0073144906,1.0
592,-2.0320911,-0.6413188,-19.1918,9.453807E-8,-0.119666785,-8.6025505,-0.21049857,-0.15301895,1.0
593,-1.833626,-0.9045581,-15.609108,-6.5117707,0.012227285,-12.187326,-0.19923884,-0.39440724,1.0
594,-1.6564195,-0.85612303,-17.483297,-2.9302967,0.03662011,-15.223578,-0.25675368,-0.6287654,1.0
595,-1.4691371,-0.5803573,-18.326681,-7.830404,0.7649394,-17.710058,-0.18603697,-0.86576784,1.0
596,-1.1655143,-0.47644976,-15.221707,-3.5236816,0.8698948,-18.866842,-0.25188264,-1.0459146,1.0
597,-1.0108719,-0.6779871,-18.355305,-8.748865,0.85411143,-19.381823,-0.2183745,-1.227754,1.0
598,-0.61683196,-0.2960413,-11.746286,-3.936989,1.1128563,-19.71826,-0.22053164,-1.4499352,1.0
599,-0.6935186,-0.15475552,-22.717825,-1.7716451,1.1379621,-19.293991,-0.21672341,-1.6458627,1.0
600,-0.2934936,-0.39033926,-10.2230215,-7.309011,1.248171,-18.398214,-0.21117401,-1.8399987,1.0
601,-0.039117277,-0.36402354,-11.573157,-3.2890546,0.98025095,-17.294579,-0.23495176,-1.9732865,1.0
602,0.6051086,-0.7691889,1.7648777,-7.991845,0.66204554,-15.063513,-0.23309094,-2.0549212,1.0
603,0.99961543,-0.69285053,0.79419494,-10.108101,0.99205565,-11.451585,-0.22074121,-2.1035311,1.0
604,1.0171399,-0.34395534,-3.477791,-4.5486455,1.1224496,-5.7710447,-0.22760111,-1.9755144,1.0
605,1.0771242,-0.975898,1.9213934,-15.070431,0.94596094,0.5890218,-0.21698439,-1.8234901,1.0
606,1.0513077,-0.6117946,4.3516607,-13.294648,1.5314243,6.9981174,-0.22215472,-1.5933795,1.0
607,0.81613135,-0.50237477,1.9582472,-13.145799,1.7719138,11.8618145,-0.22733663,-1.3633803,1.0
608,0.66238594,-0.1765622,4.3676105,-5.91561,1.5615228,14.006058,-0.2166635,-1.2395365,1.0
609,0.42072558,-0.14316651,1.9654247,-9.825232,1.8312501,14.990286,-0.1738806,-1.114788,1.0
610,0.15761195,-0.1372561,0.8844411,-10.933125,1.8882146,15.337887,-0.15970257,-0.8780555,1.0
611,-0.063480295,0.46961516,0.39799848,-4.919906,2.1454952,14.604776,-0.10428486,-0.7580759,1.0
612,-0.043726232,0.4114073,4.014278,-2.2139578,1.6307917,11.5185375,-0.08984393,-0.7313275,1.0
613,0.37599126,0.095116735,12.265623,-0.99628097,0.79240656,6.8224125,-0.08304672,-0.81034946,1.0
614,0.6061368,0.41359308,5.5195303,-0.4483264,1.1386257,0.43302855,-0.038608152,-0.9706443,1.0
615,0.8206099,0.11083277,2.4837885,-0.20174688,0.8446836,-5.72713,-0.10169923,-1.1377019,1.0
616,1.0481447,-0.300449,1.1177049,-0.09078609,-0.035223544,-10.422683,-0.100054815,-1.2620798,1.0
617,1.2787721,-0.13998392,0.5029671,-0.040853743,0.16402255,-13.168949,-0.077484325,-1.4289652,1.0
618,1.4681108,-0.136757,0.22633521,-0.018384183,-0.022941392,-13.419077,-0.044430174,-1.5560826,1.0
619,1.5805223,-0.045158897,0.10185084,-0.008272882,0.082015604,-11.651923,-0.029759342,-1.6091601,1.0
620,1.682583,0.006583146,3.5322323,-0.0037227967,0.30786538,-6.978004,-0.05034543,-1.5026032,1.0
621,1.6327366,-0.27891058,5.075904,-0.0016752585,-0.021603983,0.7587783,-0.096665315,-1.2929087,1.0
622,1.4227446,-0.08715356,6.1193357,-7.538666E-4,0.397489,9.345436,-0.10019472,-1.0244216,1.0
623,0.96686447,0.22914112,2.7537007,-3.3923984E-4,0.85379684,16.04374,-0.06517552,-0.7469067,1.0
624,0.57714283,0.061753538,4.7265162,-1.5265797E-4,0.6444274,19.821095,-0.08953851,-0.493401,1.0
625,0.53642017,0.053822454,13.632468,-6.869575E-5,0.43949336,21.269043,-0.05709041,-0.2364798,1.0
626,0.20458671,0.18706629,6.1346107,-3.0912994E-5,0.84773356,21.214336,-0.07957119,-0.0031550275,1.0
627,-0.050692767,0.3254387,6.595753,-1.391142E-5,1.0719562,20.874403,-0.068427674,0.17492613,1.0
628,0.045836974,0.44756988,13.427287,-6.2595664E-6,1.2479416,18.301931,-0.054740008,0.22346832,1.0
629,-0.031598367,0.42043498,6.0422792,-2.8170437E-6,1.0788535,12.938909,-0.03513938,0.17408802,1.0
630,0.058317844,0.9417854,6.205425,6.5117693,1.1608068,6.5830736,0.010043117,0.062320028,1.0
631,0.2875653,0.8607253,6.62762,2.930296,1.370605,0.31630504,0.015637394,-0.070350535,1.0
632,0.41433296,0.58219635,2.9824288,1.3186333,1.0802474,-3.3011503,-0.002630645,-0.13492441,1.0
633,0.50301206,0.6019728,1.342093,7.1051555,0.4633826,-5.253171,-0.0033775072,-0.21694791,1.0
634,0.4308552,0.7578507,-3.2320046,3.1973197,0.9296638,-6.038904,0.049671143,-0.28728235,1.0
635,0.44168958,0.9206678,-1.454402,7.9505644,0.8370127,-5.8443394,0.030314915,-0.3344977,1.0
636,0.45611706,0.69672465,-0.65448093,10.740961,0.06758675,-4.823759,0.027219176,-0.31800383,1.0
637,0.45276928,0.7884018,-0.29451638,11.345203,-0.07450219,-3.5508056,0.072840095,-0.30552986,1.0
638,0.41539514,0.79229325,-0.13253237,12.26855,-0.15128624,-1.6257792,0.06917852,-0.29398447,1.0
639,0.30154237,0.42583433,-0.059639566,5.520847,-0.33005401,2.0344222,0.1013307,-0.19166765,1.0
640,0.15395312,1.0386729,-0.026837805,16.810797,-0.22623833,4.649134,0.08089163,-0.13141637,1.0
641,-0.13647743,0.66181856,-3.4984763,14.076629,-0.5492577,6.478785,0.05482704,-0.025309205,1.0
642,-0.4659929,0.6265039,-5.409493,13.49769,-0.5090746,7.834711,0.046545234,0.042447604,1.0
643,-0.15098447,1.0545063,11.515131,19.101055,-0.07305684,9.178552,0.014586674,0.1685778,1.0
644,-0.30558583,0.60980016,1.6954095,15.107245,-0.5013455,10.369298,0.0072263586,0.30672193,1.0
645,-1.1817025,0.69610506,-18.41296,21.124676,-0.83793694,11.401427,-0.02260607,0.36763343,1.0
646,-2.2062104,0.77349037,-27.46173,16.669312,-0.22168353,11.682942,-0.013046626,0.48737305,1.0
647,-2.8121183,0.46764287,-22.816975,14.01296,-0.45183408,10.336103,-0.031066567,0.5749833,1.0
648,-2.9949796,0.7658404,-17.240438,19.329372,-0.47101924,6.5346622,-0.025361355,0.53454155,1.0
649,-2.642361,0.5222142,-7.758197,15.861425,-0.4442156,0.18512599,-0.049061045,0.37041295,1.0
650,-2.4131675,0.62188053,-13.950387,20.161182,-0.55979216,-7.0195827,-0.07799246,0.10030725,1.0
651,-2.0330937,0.7331655,-13.948031,16.23574,-0.14440726,-14.7729225,-0.031666625,-0.25235078,1.0
652,-1.6732414,-0.05887436,-16.735811,13.817854,-1.0456282,-20.904095,-0.1135553,-0.5850767,1.0
653,-1.3407251,0.2774171,-17.992216,19.243942,-1.0477784,-24.098703,-0.09914928,-0.86011964,1.0
654,-0.91000134,0.38630828,-15.069295,15.171544,-0.2995407,-25.565584,-0.10846739,-1.1595039,1.0
655,-0.52492535,0.59211105,-14.451541,13.990402,0.18098933,-25.845955,-0.09383323,-1.3518777,1.0
656,-0.17410597,0.17738469,-13.475992,6.295681,0.36457872,-25.319838,-0.12281578,-1.578457,1.0
657,0.047302768,0.74667174,-13.036995,15.856598,0.37516737,-21.668736,-0.10862261,-1.6499884,1.0
658,0.18656681,0.54570466,-9.701826,7.135469,0.8586446,-14.011016,-0.092232384,-1.6776273,1.0
659,0.16577825,1.4338994,-7.852221,16.2345,1.5347111,-5.6847124,-0.06901644,-1.4778553,1.0
660,-0.013663291,1.4911911,-7.0198984,13.817296,1.8110528,2.5464797,-0.048503447,-1.2756943,1.0
661,-0.19630185,1.6542484,-3.1589544,20.544199,1.1329349,9.947147,-0.0059169545,-1.0162293,1.0
662,-0.78786176,1.8808862,-11.883581,28.785532,0.33442968,14.832926,0.050516713,-0.74151635,1.0
663,-1.0725504,1.5859091,-5.3476114,20.116697,0.73670673,17.238182,0.046071354,-0.6164475,1.0
664,-0.6135322,1.4130654,15.025573,28.587824,-0.4457546,18.190357,0.020265467,-0.3088484,1.0
665,-0.85187703,1.0463127,-0.90885043,27.190937,-1.1847812,18.188581,0.04336423,-0.18856116,1.0
666,-1.5988,1.2065055,-17.84098,31.771233,-1.287147,15.05173,0.02826407,-0.08080031,1.0
667,-1.626839,1.0347947,-4.5420413,33.832367,-1.7278559,11.329608,0.0017079362,-0.009601183,1.0
668,-1.3080459,0.7149705,1.7912604,29.55098,-1.8009678,5.974648,-0.016134491,-0.026394473,1.0
669,-1.614009,0.63689476,-16.625929,32.833252,-2.0255692,1.1266773,-0.070260696,-0.15293129,1.0
670,-2.121768,0.5690215,-26.657564,36.264587,-2.1960826,-2.5749166,-0.1330909,-0.27784956,1.0
671,-2.053124,0.5373673,-15.482303,29.342606,-1.7483546,-4.6752706,-0.08484426,-0.37818164,1.0
672,-2.0190866,0.3150153,-17.428135,26.230082,-1.4910334,-6.3417563,-0.14783454,-0.51500136,1.0
673,-2.0679586,0.6130339,-21.793335,24.831816,-0.8048782,-9.557313,-0.13110903,-0.6506968,1.0
674,-2.1148052,0.6316661,-25.147715,25.500732,-0.53531873,-13.699141,-0.1840692,-0.86806166,1.0
675,-1.9255565,0.7753875,-21.77567,24.49887,-0.40413636,-16.90291,-0.1349635,-1.1636878,1.0
676,-1.5190177,1.1283402,-16.77185,24.048033,0.20025043,-19.076536,-0.103072174,-1.436641,1.0
677,-1.4565345,1.1220573,-24.97933,23.845156,0.32331583,-20.149601,-0.12250306,-1.6247447,1.0
678,-1.440243,1.3664875,-26.581413,25.056736,0.46985927,-20.319208,-0.08361633,-1.8004662,1.0
679,-1.244506,1.4446056,-22.420834,30.810843,0.066804826,-20.264023,-0.09968184,-2.0615726,1.0
680,-1.139877,1.3774009,-24.034971,33.400192,-0.6713468,-19.962551,-0.04762018,-2.2030163,1.0
681,-0.9760888,1.1239573,-22.323576,29.359367,-0.633782,-19.626505,-0.065536745,-2.419984,1.0
682,-0.75027275,1.0827082,-20.504807,32.74703,-1.1427603,-19.937578,-0.059495658,-2.6318424,1.0
683,-0.7557702,0.5997585,-26.65916,27.759703,-1.365114,-20.487465,-0.09650399,-2.8798385,1.0
684,-0.83979946,0.6066229,-29.42862,32.027176,-1.61858,-20.373735,-0.13468927,-3.0566506,1.0
685,-0.6362518,0.46157128,-20.913237,28.738647,-1.544285,-17.947235,-0.13483761,-3.1298158,1.0
686,-0.7563547,0.36236256,-26.842955,25.95593,-1.3003154,-14.472628,-0.1577677,-3.1941364,1.0
687,-0.7704184,0.3044421,-22.538527,24.70371,-1.0513507,-10.448101,-0.19701661,-3.229946,1.0
688,-0.7483485,0.3209907,-20.601534,24.140211,-0.63754636,-8.441781,-0.25144985,-3.2579696,1.0
689,-0.6126728,-0.0931472,-16.941048,18.026302,-0.7503089,-7.573715,-0.2603575,-3.2873743,1.0
690,-0.26822907,0.3510741,-11.110822,21.138931,-0.30957592,-8.404639,-0.23785698,-3.3789773,1.0
691,0.26198554,0.3628205,-4.99987,16.024288,0.27684984,-9.815095,-0.23364517,-3.4923053,1.0
692,0.588929,0.57065,-9.22274,20.23447,0.45430502,-11.944626,-0.27255803,-3.7060947,1.0
693,0.8960725,0.6088032,-7.9854116,9.105512,1.6447413,-12.066725,-0.24417375,-3.7658465,1.0
694,1.214053,1.214101,-3.5934353,17.121021,1.8808275,-8.6337,-0.2253757,-3.7031984,1.0
695,1.4159433,1.1949353,-1.6170458,14.21623,2.0097501,-3.6805542,-0.19719781,-3.593555,1.0
696,1.4979665,1.4896221,-0.72767055,20.723719,1.7983463,1.0616468,-0.18331023,-3.5206091,1.0
697,1.6405059,1.0233951,3.1589477,22.349215,0.66540205,3.6750433,-0.18797909,-3.456487,1.0
698,1.6833487,0.9482159,1.4215264,17.220354,0.9115087,3.759559,-0.15609296,-3.437327,1.0
699,1.9563805,0.43250543,7.6124854,20.772701,-0.0943014,2.875625,-0.2386181,-3.4206998,1.0
700,2.1615767,0.021644585,7.261565,23.676996,-1.0531784,2.4645567,-0.27859408,-3.4125655,1.0
701,2.4106238,-0.005669613,10.240503,17.166418,-0.44047245,2.821923,-0.2654494,-3.3365812,1.0
702,2.598072,-0.27157733,12.278584,14.888097,-0.6578796,5.9725285,-0.27878487,-3.2255008,1.0
703,2.6222517,0.574854,12.498161,6.6996436,1.0186174,9.973166,-0.10119475,-2.8613522,1.0
704,2.584081,0.96277,13.29453,10.178048,1.92769,14.182551,-0.18731166,-2.8613307,1.0
705,2.599027,0.7612893,16.441736,17.603662,0.7956525,16.271648,-0.21144867,-2.6514442,1.0
706,2.6800675,1.3839166,18.904318,22.248064,0.8438175,15.938439,-0.08712594,-2.446422,1.0
707,2.751047,1.1995977,20.01248,17.174835,0.79636884,16.22486,-0.04501272,-2.246137,1.0
708,2.7417662,1.0018088,19.464813,14.240447,0.45518225,17.133528,6.434261E-4,-2.0467014,1.0
709,2.715127,1.1800411,20.268156,20.738916,0.19545789,18.505772,-0.018870331,-1.8865228,1.0
710,2.5806456,0.4145699,19.579866,15.844283,-0.8467146,20.47566,-0.018107317,-1.506915,1.0
711,2.5611973,0.7778339,24.151655,21.456345,-0.7218714,22.82922,-0.019830015,-1.248106,1.0
712,2.3947775,1.1360933,21.327442,22.678896,-0.16136903,23.60529,-0.011684721,-0.9891719,1.0
713,2.24179,0.4293923,21.102886,17.368711,-1.0281456,23.348007,-0.011736792,-0.8205576,1.0
714,2.2075348,0.5598138,23.441896,20.839462,-0.9954383,22.156492,-0.03903514,-0.62515557,1.0
715,2.1364267,0.8234955,22.054388,23.704174,-0.90173054,20.676636,-0.016789343,-0.43458533,1.0
716,2.148025,0.19723362,23.868805,17.178055,-1.227466,19.40325,-0.057209905,-0.2394376,1.0
717,1.9417355,0.6610178,18.412086,22.057972,-0.953661,18.832802,-0.033811495,-0.012267667,1.0
718,1.8804672,0.6908166,22.231035,22.949629,-0.9260376,19.396976,-0.045534935,0.21229821,1.0
719,1.623385,0.5074137,17.67586,17.491974,-0.85420245,20.12364,-0.016108157,0.44595477,1.0
720,1.4170064,0.7703394,18.413334,20.89493,-0.6541096,20.488676,-0.023242025,0.6582836,1.0
721,1.1378727,0.6798568,15.956358,16.565926,-0.50627494,20.55321,0.004235867,0.88859797,1.0
722,0.87655604,1.2167054,14.8507185,21.781082,-0.20019609,19.973398,0.041755937,1.0266573,1.0
723,0.7953558,1.2124717,17.142021,22.825027,-0.19783263,17.50091,0.01920012,1.1268654,1.0
724,0.60903746,1.1240134,11.5490885,24.59768,-0.5044181,13.310777,0.005297535,1.1769481,1.0
725,0.61588204,0.9638228,12.867447,25.39537,-0.8515265,8.211691,-0.0081683295,1.1842077,1.0
726,1.0992476,0.93413407,23.22235,24.451458,-0.8752181,3.3842778,0.004024503,1.1457136,1.0
727,1.227295,0.70243126,14.285235,25.329573,-1.0745595,0.22664008,-0.062344246,1.0327783,1.0
728,1.2214168,0.42255586,10.264687,25.729023,-1.532118,-1.5191882,-0.09207648,0.9908649,1.0
729,1.2858548,0.35122338,11.5919075,24.601603,-1.4625516,-2.2123435,-0.10748936,0.93798476,1.0
730,1.259106,-0.2219332,9.051537,18.233929,-1.5481129,-2.7245843,-0.17337908,0.8983693,1.0
731,1.3158907,-0.57956064,11.04599,14.717038,-1.7640493,-2.7885048,-0.19545485,0.8680616,1.0
732,1.2779675,0.59197694,8.805874,6.6226673,0.7193047,-3.0278106,-0.041734837,0.91058385,1.0
733,1.2811717,0.7769463,10.935442,16.003742,0.15302509,-1.0033821,-0.06292203,0.93742776,1.0
734,1.2929267,0.78943646,12.591306,14.364892,-0.040241618,0.86021423,0.0073517333,1.0363282,1.0
735,1.126006,1.5830915,9.152487,19.487741,0.8836448,2.9718006,0.032535065,1.102428,1.0
736,0.9841025,0.71259,11.788977,15.932692,-0.35588405,7.5590353,0.002926343,1.2209493,1.0
737,0.5943641,0.82001567,5.3050394,14.332919,-0.4183625,9.733875,0.08407067,1.2309419,1.0
738,0.2699402,0.3603553,5.8743014,12.962769,-0.53191644,11.620022,-0.03507129,1.2779318,1.0
739,0.008158208,-0.08187607,6.4786143,20.159662,-2.0322614,12.422541,-0.07785742,1.4107037,1.0
740,-0.33646825,-0.45408505,2.9153762,9.071848,-1.6794962,12.160446,-0.05361402,1.5584124,1.0
741,-0.9143763,-0.31227028,-5.6608796,10.594102,-1.3265166,11.597073,-0.09358137,1.6597536,1.0
742,-1.8173637,-0.62572795,-19.979393,4.767346,-1.2420748,8.374286,-0.10583333,1.6941023,1.0
743,-2.5670147,-0.42015225,-24.331442,2.1453054,-0.65039504,3.6363742,-0.081932105,1.6322777,1.0
744,-2.512062,0.11866076,-10.949149,7.4771576,-0.1625962,-2.8035834,-0.07728015,1.4957485,1.0
745,-2.1964326,0.26940238,-8.413516,3.3647208,0.41497776,-10.152115,-0.041078158,1.2481027,1.0
746,-2.1711278,0.2309607,-19.126799,1.5141244,0.54292524,-16.410217,-0.040184654,0.91911465,1.0
747,-1.5993006,0.34743562,-8.607059,0.68135595,0.94841903,-22.51161,-0.051567096,0.5522032,1.0
748,-1.2904192,0.29955047,-15.381015,0.3066102,0.9347422,-26.22737,-0.058884636,0.26136914,1.0
749,-1.1699132,0.010005925,-20.867054,0.13797458,0.5675862,-27.95391,-0.09644576,-0.093657464,1.0
750,-0.8640431,-0.013835891,-16.362972,0.062088557,0.39263675,-28.472683,-0.07327987,-0.3985318,1.0
751,-0.43424353,-0.033017162,-11.198516,0.02793985,0.3422925,-27.224127,-0.07083005,-0.6492066,1.0
752,-0.02359608,-0.10312927,-8.525732,0.012572932,0.10709688,-25.47264,-0.055193216,-0.78900653,1.0
753,0.021997083,-0.3020815,-14.295777,0.005657819,-0.19633792,-21.782728,-0.07445185,-0.8887197,1.0
754,0.22224116,-0.48318648,-6.4330993,0.002546019,-0.4959376,-15.929378,-0.08812455,-0.88491064,1.0
755,0.21121942,-0.35339084,-6.7300735,0.0011457078,-0.28572235,-8.924244,-0.07779209,-0.7904295,1.0
756,0.08349308,-0.7175327,-6.514932,-6.511255,-0.25625163,-3.059442,-0.08549902,-0.7308522,1.0
757,-0.38615492,-0.80858237,-13.392819,-2.9300647,-0.6892076,2.1083052,-0.11457154,-0.5991795,1.0
758,-0.81775653,-1.1758195,-12.999567,-7.8303,-0.8604282,5.537574,-0.1205953,-0.4918772,1.0
759,-1.5877457,-0.8427035,-23.281801,-10.035405,0.10909583,7.520915,-0.12439281,-0.30199394,1.0
760,-2.4420047,-1.3524302,-29.652706,-11.679141,-0.22779174,8.489754,-0.217583,-0.22435066,1.0
761,-2.7725909,-0.98273224,-20.316517,-5.255613,-0.38349643,8.801453,-0.18455769,-0.19803524,1.0
762,-3.2226982,-1.0043236,-26.57443,-15.388567,0.5943495,6.9807606,-0.16069861,-0.15454604,1.0
763,-3.3854232,-0.93192726,-25.904089,-13.4366255,0.667794,0.6225238,-0.18574622,-0.39341608,1.0
764,-3.227965,-1.0825031,-25.602438,-19.070023,0.91134405,-10.841617,-0.17030223,-0.6942805,1.0
765,-2.54002,-1.1478412,-19.191454,-15.744718,0.628868,-24.04117,-0.21047176,-1.2048572,1.0
766,-1.9776347,-1.3790452,-26.072906,-20.112217,0.5281676,-34.177986,-0.18963727,-1.7841766,1.0
767,-1.2108595,-1.1251142,-22.192005,-22.07404,1.1695118,-40.581924,-0.16977957,-2.2667801,1.0
768,-0.67962426,-1.6091475,-27.4184,-29.468628,1.1087589,-43.883278,-0.18732351,-2.7468987,1.0
769,0.1018459,-1.6693494,-19.313614,-26.289162,0.6036813,-44.6472,-0.18462509,-3.2337637,1.0
770,1.0436455,-1.5447407,-8.691127,-31.365433,1.1622862,-40.887196,-0.13577251,-3.474152,1.0
771,1.511296,-1.1542898,-11.581365,-28.44086,1.5820218,-32.858944,-0.12550128,-3.5459316,1.0
772,1.7238847,-2.0112054,-8.698013,-38.845467,1.530492,-21.340408,-0.22005157,-3.4053826,1.0
773,1.7617848,-1.435516,-3.914106,-37.01577,2.060389,-8.250038,-0.14055525,-3.15003,1.0
774,1.5834934,-1.0778087,-1.7613477,-36.192406,2.9941037,4.128278,-0.18952458,-2.889383,1.0
775,1.273287,-1.2849312,-0.7926064,-42.340775,2.9708228,12.840662,-0.13879165,-2.6528292,1.0
776,1.111384,-1.123755,3.4785058,-40.542973,3.300588,16.093931,-0.1733426,-2.5668082,1.0
777,0.9935686,-0.9298149,5.0517273,-37.779648,3.1216998,16.984344,-0.12723091,-2.3202226,1.0
778,1.0640223,-0.9201841,9.943634,-38.490467,3.16269,17.000093,-0.116793565,-2.2002184,1.0
779,1.0324924,-0.4486893,7.961035,-36.85602,3.3625097,16.718367,-0.0135976225,-2.0464356,1.0
780,1.1215022,-0.5107005,10.555264,-36.12052,2.7866392,14.875046,0.049012963,-1.9059876,1.0
781,1.2093854,-0.96653533,8.585048,-37.74386,1.8990799,10.440695,0.07021362,-1.9085971,1.0
782,1.4692329,-0.67578965,10.83607,-36.520046,2.035323,5.416426,0.12747079,-1.9732635,1.0
783,1.6735064,-0.80244875,8.7114105,-30.760437,1.3469406,1.5176578,0.08685569,-1.9845153,1.0
784,1.9834847,-1.0993129,10.892933,-33.377506,0.877664,-1.8500667,0.11276862,-2.0226872,1.0
785,2.360274,-1.0950718,12.573712,-29.349161,0.41331074,-4.8918395,0.11490818,-2.1387653,1.0
786,2.6449509,-1.3532296,12.630969,-32.742435,0.12747598,-5.1605496,0.13836865,-2.0342462,1.0
787,2.818701,-1.073874,13.354294,-29.06051,0.25588626,-1.9731858,0.14399175,-1.9787745,1.0
788,2.8991926,-1.2379072,16.46863,-32.61254,0.63209045,4.4172015,0.08993925,-1.6976007,1.0
789,2.699711,-1.7361217,14.383681,-40.722725,0.3304379,11.5073,0.12266709,-1.3732433,1.0
790,2.4003277,-1.171882,14.143014,-32.65164,0.5296287,16.765253,0.13183956,-1.1418109,1.0
791,2.1785116,-0.83601356,16.823555,-34.22855,1.0359007,19.215275,0.19661085,-0.84620094,1.0
792,1.9170394,-1.2601768,15.240957,-36.89247,0.6739195,19.979824,0.15884413,-0.71017313,1.0
793,1.7845922,-1.0396012,17.317627,-36.136925,0.8219111,19.089315,0.19787216,-0.5233274,1.0
794,1.745193,-0.6423943,19.301924,-30.59233,0.95693696,18.418152,0.20806383,-0.3468759,1.0
795,1.5448567,-0.63237226,15.658665,-33.30186,0.88068193,18.601408,0.2784643,-0.080670595,1.0
796,1.466762,-0.400691,18.551935,-29.312252,1.0185127,19.175028,0.25920674,0.04857469,1.0
797,1.2510705,-0.3780454,15.32117,-26.214056,0.7003755,19.644623,0.26099092,0.27304435,1.0
798,1.0499578,-0.66964763,14.564884,-26.12274,-0.20128058,18.813726,0.30978894,0.46141008,1.0
799,0.7779348,-0.6569879,10.389377,-26.08165,-0.06818595,16.660448,0.2905948,0.5354722,1.0
800,0.6952311,-1.0061287,11.648018,-31.272053,-0.21745798,12.498314,0.29328308,0.55993253,1.0
801,0.65491915,-0.90091,9.076787,-21.23563,-0.799334,7.405139,0.23326822,0.45961267,1.0
802,0.79666126,-1.3629512,11.057353,-29.091347,-0.9772013,2.7816012,0.2529626,0.4048903,1.0
803,0.646007,-1.481477,1.4894092,-26.114647,-1.027075,-0.50481105,0.16003726,0.25313362,1.0
804,0.8249115,-1.8519142,8.342127,-33.245514,-1.0131227,-2.2925148,0.16518964,0.17070276,1.0
805,0.9465006,-1.6651174,7.240356,-34.495792,-0.50234,-3.0072024,0.16909947,0.10125078,1.0
806,1.0828624,-2.0415964,7.093339,-37.012733,-0.22137707,-4.2160296,0.03463407,-0.079598315,1.0
807,1.2257168,-1.7836868,6.678402,-29.679268,-0.71498704,-5.625164,0.06785595,-0.26600307,1.0
808,1.4240166,-1.7750084,6.84046,-42.008503,0.98736876,-8.613422,0.020994458,-0.43245694,1.0
809,1.6023711,-1.501738,6.564606,-38.439137,0.89802486,-10.289244,0.064411834,-0.44251853,1.0
810,1.8692105,-1.6261133,9.926871,-43.344692,1.3194517,-9.778867,0.04383479,-0.58164966,1.0
811,1.9461089,-1.7081493,8.302271,-48.157944,1.8679968,-7.1246576,0.014674503,-0.45689094,1.0
812,1.9639189,-1.7841381,10.708821,-47.718155,1.8982202,-1.5018994,-0.026826117,-0.3465623,1.0
813,1.7655127,-1.1976501,8.655299,-42.969246,2.488395,4.496052,-0.011422782,-0.22434226,1.0
814,1.5679064,-1.6837403,10.867683,-51.895008,2.6931663,9.185389,-0.045629233,0.0026495527,1.0
815,1.2573082,-1.6767924,8.376857,-49.399834,2.5375156,11.872444,-0.06571032,0.106096536,1.0
816,1.1007597,-1.3420155,11.439942,-50.882755,2.777357,12.424481,0.042903725,0.23532395,1.0
817,0.97424716,-1.5904818,12.120773,-55.45609,2.6443408,12.958181,0.06674943,0.38705504,1.0
818,0.74998856,-1.3970428,9.289526,-53.60807,2.484952,13.18763,0.12746187,0.5384043,1.0
819,0.6192554,-0.9915421,11.153086,-50.170715,2.7383907,13.463132,0.16186295,0.6907127,1.0
820,0.68252075,-1.1352952,16.524426,-51.229652,2.6184106,14.131809,0.15165743,0.8207833,1.0
821,0.41199493,-0.4064139,7.4359913,-44.54297,2.9019306,13.269745,0.23326257,0.8814279,1.0
822,0.5088989,-0.47905716,13.805394,-46.09142,2.859166,9.775536,0.24517122,0.85153604,1.0
823,0.40201923,-0.80953735,6.212427,-42.23506,1.705039,5.2794814,0.24919492,0.8375768,1.0
824,0.4398848,-0.20363785,6.2819915,-38.54109,2.0982416,0.40292123,0.3268276,0.693634,1.0
825,0.5828559,-0.6576802,6.662075,-38.833115,1.2443206,-4.0478225,0.31650996,0.6203684,1.0
826,0.60496503,-1.2342767,2.9979336,-37.010212,-0.047633044,-5.719648,0.2957442,0.53906673,1.0
827,0.59974617,-0.65998757,1.3490702,-30.981012,0.39184883,-6.790408,0.30765948,0.4177591,1.0
828,0.57348174,-1.2225677,0.60708153,-33.476765,-0.37332314,-6.605654,0.28634387,0.35271773,1.0
829,0.68885994,-1.0885327,4.1083655,-29.390959,-0.5147331,-6.368636,0.27824444,0.24649905,1.0
830,1.0803562,-1.3706459,12.307962,-32.761242,-0.30542848,-6.008246,0.20702502,0.1458379,1.0
831,0.9760262,-2.0753987,1.703404,-36.232185,-1.2218153,-4.7405777,0.17986602,0.11907361,1.0
832,0.9826804,-1.4296919,4.253883,-35.845123,-0.47857097,-4.122859,0.27666575,0.062055346,1.0
833,1.0204467,-1.0564932,5.749426,-37.61993,0.83787286,-3.0839036,0.21892041,0.06492087,1.0
834,1.0168675,-1.8610692,6.073641,-36.46428,-0.111231595,-1.3386446,0.069773816,0.13423108,1.0
835,1.0064744,-1.525513,6.2195377,-35.944237,0.6202729,-0.26047447,0.05409872,0.064227894,1.0
836,0.98215145,-1.3293685,6.6339707,-44.827736,1.5029048,0.4692688,0.14814858,0.1919177,1.0
837,0.92115784,-1.5329713,6.4716864,-46.219563,1.5091487,1.8932817,0.10113436,0.24918929,1.0
838,0.99264187,-0.9911321,10.582616,-42.288425,1.8307834,2.825542,0.16314915,0.33718082,1.0
839,0.8133992,-1.0816876,4.7621775,-40.519417,1.6472268,3.8020563,0.12717067,0.3664932,1.0
840,0.6857136,-1.3846769,5.6293793,-44.28082,1.5353576,4.7634854,0.11162096,0.37636545,1.0
841,0.59979606,-0.4616794,6.3683996,-34.252785,2.1967049,5.4781075,0.13175805,0.37369278,1.0
842,0.5127034,-0.90189373,6.3528132,-41.465572,2.2609427,6.166288,0.1046112,0.42222515,1.0
843,0.1549514,-0.8086233,-0.9764131,-32.98592,1.4002438,6.8969307,0.11910401,0.5026102,1.0
844,-0.25203782,-1.0958254,-3.9257853,-40.890747,1.3228945,7.5505657,0.18529263,0.58777624,1.0
845,-0.6297112,-0.59750336,-5.6017823,-39.89046,1.9408785,7.2256355,0.2384399,0.6630496,1.0
846,-0.6319542,-0.8254896,0.96559745,-37.48602,1.4781709,4.9866943,0.18859208,0.6186827,1.0
847,-0.8334844,-0.9383475,-7.235839,-31.195122,0.7167513,0.92400783,0.15506034,0.5064576,1.0
848,-1.108207,-0.78962004,-13.715325,-33.573116,0.71824867,-3.9101238,0.2556561,0.37502125,1.0
849,-0.80311966,-0.6982309,-2.3367174,-36.597527,1.1592478,-8.196797,0.27238178,0.23700145,1.0
850,-0.79649615,-0.54987353,-11.51072,-29.492428,0.79957795,-11.860021,0.24755806,0.012630017,1.0
851,-0.48298144,-1.023791,-5.179824,-32.812233,0.106444634,-14.421649,0.26216412,-0.1973992,1.0
852,-0.10970593,-0.67271954,-2.3309207,-29.09192,0.3582409,-14.872148,0.2716918,-0.34600228,1.0
853,0.25287637,-0.39235887,-1.0489143,-26.114906,0.5569393,-15.169654,0.2796045,-0.51832336,1.0
854,0.70149225,-0.5255867,3.0143878,-24.775248,0.035476442,-15.083571,0.29516006,-0.7014166,1.0
855,0.97867084,-0.82386404,1.3564745,-24.172401,-0.65532076,-13.598974,0.2949979,-0.86744326,1.0
856,1.1017321,-0.8518452,0.61041355,-25.203997,-0.57393235,-10.367057,0.2911909,-0.8833569,1.0
857,1.0876054,-0.96722585,0.2746861,-24.36534,-0.61392856,-5.5558043,0.23975725,-0.891187,1.0
858,0.9541467,-1.041332,0.12360873,-23.987944,-0.6532451,-0.4121991,0.2121976,-0.79471934,1.0
859,0.8938606,-1.151248,3.8908029,-25.12099,-0.6404642,3.5827978,0.19263515,-0.6980879,1.0
860,0.7020046,-1.5782369,1.7508612,-30.839756,-0.64219165,6.1114507,0.15203223,-0.570645,1.0
861,0.480905,-1.0099275,0.7878875,-28.207174,0.019736953,7.519953,0.19048722,-0.49615407,1.0
862,0.41043743,-0.72192806,3.8409486,-25.71677,0.673446,7.898393,0.13209529,-0.4746371,1.0
863,0.53333557,-1.3787888,8.701225,-31.107859,0.1130876,7.377769,0.09869194,-0.40241423,1.0
864,0.61316836,-0.6388297,7.75073,-21.161743,0.6063615,6.2357144,0.083539836,-0.3730591,1.0
865,0.5383992,-0.7276949,3.4878285,-29.058094,1.1476843,5.071834,0.11429293,-0.3289798,1.0
866,0.44813195,-0.71279705,1.5695229,-27.40256,1.0667993,3.446487,0.10091933,-0.35831395,1.0
867,0.3789615,-0.40434548,0.70628524,-25.354692,1.2866447,1.9941062,0.13369516,-0.37500536,1.0
868,0.36093268,-0.48195988,0.31782836,-25.736029,1.2573671,-0.0313909,0.118363954,-0.43840262,1.0
869,0.38995907,-0.35413623,0.14302276,-24.604753,1.1548764,-1.9079561,0.15984382,-0.52433145,1.0
870,0.46813038,-0.0033441351,0.06436024,-18.237497,1.0099717,-4.10667,0.18545273,-0.632095,1.0
871,0.58632547,-0.31013057,0.028962106,-21.230415,0.7561382,-6.1886845,0.17796588,-0.7625993,1.0
872,0.720354,-0.81325656,0.013032948,-23.8801,0.009379202,-7.9051886,0.17802206,-0.828679,1.0
873,0.86078686,-0.2262738,0.0058648256,-17.257816,0.3136732,-8.833396,0.20613709,-0.97165203,1.0
874,1.0012047,-0.29334024,0.0026391714,-14.277787,-0.11099262,-9.866817,0.19638053,-1.0584832,1.0
875,1.1370254,-0.45473075,0.0011876274,-13.588212,-0.53013825,-10.402814,0.19697176,-1.1877643,1.0
876,1.2560918,-0.43055126,5.344323E-4,-12.626466,-0.6272901,-10.6010685,0.20346312,-1.2676688,1.0
877,1.4698149,-0.47606954,3.8354194,-12.845117,-0.80538636,-9.47762,0.22211751,-1.3134841,1.0
878,1.5111184,-0.623481,1.7259387,-12.292073,-0.97631055,-6.869743,0.18747933,-1.3592559,1.0
879,1.5441324,-0.53216213,4.263072,-12.043203,-0.9173862,-2.9439638,0.20519276,-1.2753067,1.0
880,1.480622,-0.6939374,5.4054155,-11.932396,-0.9082617,2.4887764,0.1429079,-1.1217799,1.0
881,1.3365619,-0.55880296,6.267616,-12.532786,-0.8274181,7.4485397,0.18940619,-0.9249279,1.0
882,1.1542195,-0.8617937,6.3068266,-18.663294,-0.58668476,10.13183,0.15977202,-0.7848955,1.0
883,0.9790681,-0.8633783,6.6732507,-15.56169,-0.878925,11.613386,0.14823899,-0.6480739,1.0
884,0.8091069,-0.76420516,6.4893622,-13.51453,-0.7736763,12.205458,0.12526907,-0.52266145,1.0
885,0.78003335,-0.93430597,9.893011,-19.10508,-0.46956265,12.25553,0.12199641,-0.36600274,1.0
886,0.6802859,-0.5319584,8.287034,-15.760493,-0.17577481,12.293535,0.15015094,-0.2232061,1.0
887,0.42707074,-0.6291729,3.729165,-20.115765,0.20520508,12.114814,0.13546285,-0.10763268,1.0
888,0.29317114,-0.06604697,5.513303,-9.052093,0.19758308,11.614149,0.12089914,-0.0037865133,1.0
889,-0.039317664,-0.47560778,-1.0060471,-17.09935,0.233531,10.630192,0.12626386,0.09860441,1.0
890,-0.23985013,0.38992968,-0.45272118,-7.6947074,0.58465576,8.618954,0.19167508,0.13778913,1.0
891,-0.70403785,0.040635545,-10.662922,-9.974388,0.15620549,5.8096886,0.18491833,0.114670806,1.0
892,-1.445375,0.05397469,-23.97421,-4.488475,-0.60333884,1.7058072,0.21249121,-0.002563391,1.0
893,-2.0734036,0.3129304,-28.220392,-8.531584,0.2761731,-2.5019505,0.23404028,-0.09464118,1.0
894,-2.1414814,-0.30178037,-19.671974,-3.8392127,-0.98784214,-6.5246735,0.13790686,-0.28825986,1.0
895,-1.7029649,-0.27897707,-8.852388,-1.7276456,-1.5822831,-10.263086,0.20714132,-0.4684749,1.0
896,-1.5634015,-0.1187002,-17.929173,-0.77744055,-1.159326,-15.069645,0.17326328,-0.7180501,1.0
897,-1.2288433,-0.6681971,-15.040926,-0.3498482,-2.1117008,-19.348389,0.13129435,-0.9917819,1.0
898,-0.6686688,-0.42363676,-10.255768,-0.1574317,-1.8390652,-23.368258,0.16874553,-1.3571407,1.0
899,-0.20795551,-1.2220526,-11.5878935,-6.582615,-2.1765873,-25.218634,0.06636551,-1.6615952,1.0
900,0.18079142,-1.4580289,-12.187351,-2.9621766,-2.8920996,-26.317902,0.033296153,-1.9156032,1.0
901,0.3632891,-1.5844364,-16.989845,-15.659395,-1.2488195,-27.268059,-0.044825185,-2.2043054,1.0
902,0.7601703,-1.327575,-7.6454296,-7.0467277,-1.5397252,-22.297075,-0.072519004,-2.351322,1.0
903,1.0705336,-1.8012886,-3.4404433,-16.194569,-1.4263258,-14.748762,-0.082104295,-2.3948112,1.0
904,1.1807954,-0.72634286,-1.5481994,-13.799326,0.5386333,-6.262656,-0.08152511,-2.2012239,1.0
905,1.0857625,-0.9083518,-0.6966897,-19.233236,0.75054866,3.0175328,-0.0765038,-2.029961,1.0
906,1.0426531,-0.6645569,3.5216684,-22.981373,1.1644807,8.528498,0.013925286,-1.9492421,1.0
907,0.8664582,-0.31195825,1.5847508,-23.36516,1.9571084,11.594189,0.011660188,-1.8682525,1.0
908,0.7698162,-0.5142075,4.200171,-23.540232,1.5166662,13.251698,0.018200291,-1.6998105,1.0
909,0.7425083,-0.007789463,5.7252555,-17.756311,1.7367026,13.294608,0.048349325,-1.6446134,1.0
910,0.71003675,-0.021940947,6.0627646,-14.5021105,1.2191614,13.152863,0.0682428,-1.4389158,1.0
911,0.71131253,-0.76781136,6.5634227,-20.852365,0.5410036,12.548649,0.042086326,-1.4071248,1.0
912,0.6379435,-0.35123858,2.9535403,-15.895335,0.7478163,9.550657,0.058582257,-1.3709781,1.0
913,0.77893203,-0.63069165,5.1642723,-14.316108,0.08921322,4.8346295,0.04045653,-1.5383712,1.0
914,1.0161262,-1.3178345,5.810322,-19.46579,-0.65839577,-0.07261787,0.023858199,-1.5788274,1.0
915,1.3107085,-1.1277254,6.4498234,-15.922812,-0.5841426,-3.8932168,0.009603131,-1.6621963,1.0
916,1.5896062,-1.6014689,6.3888197,-20.188807,-0.8188381,-6.279544,-0.03619471,-1.703684,1.0
917,1.826444,-1.3549047,6.3623195,-22.112059,-0.23615728,-6.6181173,-0.009831322,-1.8262653,1.0
918,2.1255403,-2.1196463,10.5334015,-31.440052,0.13630952,-5.400902,-0.16542268,-1.7501376,1.0
919,2.4354217,-2.107727,15.199228,-20.659794,-0.4349373,-1.7164906,-0.27589712,-1.6355697,1.0
920,2.3682168,-1.1063213,10.326053,-28.832218,1.9805058,3.3195899,-0.17040367,-1.4237747,1.0
921,2.0782921,-1.1400801,8.481902,-34.464123,2.4327788,10.441182,-0.14946826,-1.2188443,1.0
922,1.804579,-1.0845165,10.789655,-35.044167,2.28519,15.6241865,-0.09263078,-1.0001259,1.0
923,1.523545,-0.44455788,11.828143,-35.305187,3.344638,18.81003,-0.03981742,-0.66887534,1.0
924,1.255922,-0.7627622,12.993023,-37.376957,3.1837616,21.567179,-0.08590696,-0.38230312,1.0
925,0.9840332,-0.45051333,12.819658,-29.843172,2.8680108,23.000277,-0.06791658,-0.14923061,1.0
926,0.7309655,-0.2658519,13.439203,-27.755844,2.5397546,24.308683,0.0140141975,0.1546853,1.0
927,0.33369428,-0.5690787,9.534675,-32.02899,2.200491,25.395958,0.047776543,0.4541136,1.0
928,-0.0011049478,-0.3998699,8.125782,-28.739462,2.0027182,23.586498,0.07788907,0.56429076,1.0
929,0.042697243,-0.3506467,14.1158,-25.956299,1.7091581,18.639462,0.09137817,0.68455964,1.0
930,-0.03012686,-0.7186144,6.3521094,-26.00675,1.053292,10.971668,0.073214434,0.5413618,1.0
931,0.09889829,-0.7653574,6.3448486,-24.726578,0.8059367,3.222915,0.07398292,0.32577837,1.0
932,-0.053356886,-0.58735615,-4.815176,-18.290167,0.4476706,-3.4941392,0.072915405,0.20472676,1.0
933,0.13167554,-0.68624735,1.3195703,-21.254116,0.5170154,-6.7042,0.084009536,0.088050775,1.0
934,0.41379252,-0.9153146,4.4289856,-23.890768,0.52314454,-7.3438168,0.05254817,-0.019126426,1.0
935,0.55528265,-1.0511698,1.9930434,-23.774385,0.3073545,-7.4494715,0.038557433,-0.096259035,1.0
936,0.6183938,-0.7976513,0.8968695,-17.86383,0.15927927,-6.7809443,0.038592137,-0.15265705,1.0
937,0.7755313,-0.7132673,3.8899906,-21.062265,0.65179425,-6.691559,0.047238126,-0.1675161,1.0
938,0.8387376,-0.99677277,1.7504958,-22.501558,0.6605595,-7.2072916,-0.028013738,-0.23716383,1.0
939,0.85029626,-1.3675786,0.7877231,-24.452118,0.16092685,-6.859355,-0.036829516,-0.27398157,1.0
940,0.79448974,-1.0061127,0.35447535,-24.026993,0.7683859,-4.5965285,-0.019885825,-0.25076133,1.0
941,0.66023844,-0.7546714,0.15951392,-23.835688,1.3638572,-0.93239737,-0.03597629,-0.17632903,1.0
942,0.479955,-1.047979,0.07178126,-25.052477,1.2703503,2.2190728,-0.10163405,-0.103118904,1.0
943,0.30178574,-0.9558702,0.032301567,-24.297155,1.2436367,3.8192835,-0.078806095,-0.063308135,1.0
944,0.13781892,-0.6314242,0.014535704,-23.95726,1.7233919,4.690143,-0.05144054,1.9378585E-4,1.0
945,-0.005462147,-0.5342837,0.0065410663,-25.111485,1.9524456,5.0103235,-0.03315789,0.077864654,1.0
946,-0.10789525,-0.4980663,0.00294348,-24.323708,1.8997968,4.6074743,-0.026588872,0.07779034,1.0
947,-0.44710824,-0.58219963,-7.669033,-25.272085,1.6782992,3.5649254,1.3811725E-4,0.1061595,1.0
948,-0.046364337,0.3222724,10.494533,-17.884209,2.4521782,2.9534178,0.046400443,0.16579203,1.0
949,0.32516414,0.11744029,12.392897,-22.37431,2.3394485,3.1699288,0.08088687,0.18038365,1.0
950,0.35373428,-0.35088646,5.5768037,-16.58021,0.8436416,3.581029,0.055747133,0.20244566,1.0
951,0.68917334,0.0669647,14.015099,-14.624302,1.0228996,3.1321504,0.1367798,0.21207146,1.0
952,0.67668784,0.013773545,6.306794,-13.092706,0.91350526,2.5086112,0.10623001,0.24938932,1.0
953,0.5554968,-0.4954481,2.838057,-13.054926,-0.19206665,1.7628871,0.112853065,0.2583111,1.0
954,0.41708553,0.34801063,1.2771257,-5.8747163,0.29478514,1.0518333,0.19086014,0.28078282,1.0
955,0.27565098,-0.37543064,0.57470655,-9.156577,-0.54824394,1.0953493,0.14052086,0.34566212,1.0
956,0.014014479,-0.4586033,-3.576561,-4.1204596,-1.2010151,1.2696626,0.123617545,0.33565235,1.0
957,-0.12022184,0.06452485,-1.6094522,-1.8542067,-0.46171492,1.6128198,0.1396862,0.3098871,1.0
958,-0.2239677,-0.64488304,-0.72425354,-0.834393,-1.5111198,2.8890815,0.044886492,0.35870638,1.0
959,-0.43478826,-0.84538513,-3.8123133,-6.887247,-1.3955976,3.6626458,0.07238521,0.38398045,1.0
960,0.17905125,-0.36075884,17.460354,-3.0992613,-0.59859973,3.2847335,0.03447104,0.39505458,1.0
961,0.57673126,-1.2571718,14.829958,-7.9064384,-1.2344813,2.3322294,-0.08377052,0.39432693,1.0
962,0.59854496,-1.0926279,6.673481,-10.069668,-0.9023616,1.5595047,-0.038927868,0.43563417,1.0
963,0.46952888,-0.71944255,3.0030663,-11.694559,0.22897707,1.797416,-0.06763546,0.49854583,1.0
964,0.27413976,-1.1553481,1.3513798,-11.774322,-0.43081844,3.185298,-0.10933655,0.55938905,1.0
965,0.08066117,-0.49532065,0.6081209,-12.463086,0.6354913,3.951491,-0.04190574,0.56155044,1.0
966,-0.11200322,-0.06664437,0.2736544,-12.120159,1.3589519,5.0193987,-0.019118939,0.6360209,1.0
967,-0.58358055,-0.296732,-7.5472136,-12.617279,1.0022641,6.444393,-0.03069036,0.7200321,1.0
968,-0.31489208,-0.020609412,10.549352,-12.189546,1.467306,7.138129,-0.019993402,0.7872584,1.0
969,-0.326538,0.06256945,4.747208,-5.485296,1.0407925,7.1596828,-0.04897428,0.8522437,1.0
970,-1.1339526,0.047383055,-17.039652,-2.4683828,0.48577625,7.0902467,-0.018243263,0.93798137,1.0
971,-2.0374522,0.22062647,-25.099842,-7.622543,1.010497,6.427226,0.055574402,0.9568025,1.0
972,-2.9216683,0.038983405,-30.470823,-3.4301443,0.42609158,5.833031,0.008008864,0.99559414,1.0
973,-3.3409328,-0.25128046,-24.171068,-1.5435648,-0.28779075,4.4704947,-0.010713524,0.94202983,1.0
974,-3.490478,0.02385786,-22.384819,-7.8592453,0.6858801,0.004315445,0.045409,0.80020094,1.0
975,-3.2449284,-0.039953474,-17.045967,-3.5366602,0.33670443,-6.5360665,-0.0026495468,0.53242666,1.0
976,-2.8888159,-0.16175154,-18.129883,-1.5914972,-0.2305776,-14.716503,0.013202998,0.22586007,1.0
977,-2.4544578,0.17588267,-19.663982,-0.7161737,0.03856648,-22.716118,0.07143848,-0.18116842,1.0
978,-2.1925616,-0.21118008,-26.28079,-0.32227814,-0.2853318,-28.40799,-0.019779485,-0.5739718,1.0
979,-2.1113389,-0.22163647,-32.74475,-0.14502516,-0.61738294,-31.806753,0.030458108,-0.9160816,1.0
980,-1.9380919,0.0745843,-32.167133,-0.06526132,0.045052707,-33.728508,0.021354254,-1.3085238,1.0
981,-1.7279605,0.0035657578,-31.907207,-0.029367594,-0.14989844,-34.63622,0.028772792,-1.685774,1.0
982,-1.4689674,-0.14839438,-29.698957,-0.013215417,-0.3134038,-33.59845,0.001892887,-1.9812562,1.0
983,-1.2203919,-0.07581409,-27.313934,-0.0059469375,-0.1754902,-30.5921,0.004040391,-2.1646516,1.0
984,-1.0647535,-0.15167052,-26.236868,-0.0026761217,-0.19649552,-25.844349,-0.019864809,-2.3316395,1.0
985,-1.0373096,-0.057474338,-25.752188,-0.0012042546,-0.089925565,-20.182432,-0.0044795,-2.3708875,1.0
986,-0.8740117,-0.011047654,-18.561283,-5.419142E-4,0.08953007,-14.304176,-0.018928137,-2.3816714,1.0
987,-0.4794468,-0.09015876,-8.352577,-2.4386143E-4,-0.0021506322,-9.262257,-0.031774864,-2.3940692,1.0
988,-0.75456935,-0.013138412,-22.934555,-1.09737695E-4,0.056367718,-6.531399,-0.014134358,-2.4256024,1.0
989,-0.9084553,-0.09217511,-20.779747,-4.9382295E-5,0.05364365,-5.4077992,-0.042225573,-2.4501,1.0
990,-0.9938311,-0.042268045,-19.810083,-2.2222177E-5,0.023683997,-5.033062,-0.019068409,-2.4953353,1.0
991,-0.9148797,0.018645374,-15.887337,-1.0000028E-5,0.2295611,-4.9009476,-0.03268144,-2.5377321,1.0
992,-0.5271591,0.0056972196,-7.149301,-4.49963E-6,0.14888552,-5.201988,-0.023409545,-2.5714004,1.0
993,-0.69776225,-0.03627731,-20.652353,-2.0254067E-6,0.075489104,-5.7435846,-0.025801994,-2.635132,1.0
994,-0.39323202,0.120132394,-9.293558,-9.110032E-7,0.26339337,-6.544711,-0.0018533244,-2.7015834,1.0
995,-0.3298344,0.05043273,-14.641299,-4.09665E-7,0.23518732,-7.0426636,-0.02207108,-2.7947028,1.0
996,0.010819083,-0.04377709,-6.5885844,-1.843015E-7,0.052178223,-6.8197556,-0.024443408,-2.8314912,1.0
997,0.38333103,0.057095475,-2.964863,-8.307891E-8,0.23766786,-5.7705336,-0.020119563,-2.8309064,1.0
998,0.6779667,0.12474039,-1.3341883,-3.724227E-8,0.39867085,-3.4881215,-0.023582486,-2.7900002,1.0
999,0.8585785,0.19819765,-0.6003847,-1.7188741E-8,0.5573087,-0.4531792,-0.024568822,-2.70118,1.0
1000,0.93068546,0.21850562,-0.2701731,-7.63944E-9,0.6462653,2.7530122,-0.032699764,-2.593244,1.0
1001,0.913897,0.18236238,-0.121577896,-3.81972E-9,0.65800774,5.8205557,-0.047855385,-2.4740324,1.0
1002,0.9892974,0.29680815,3.7812362,-1.90986E-9,0.80823565,7.757605,-0.03260041,-2.3689983,1.0
1003,1.0858686,0.20688686,5.187956,-9.5493E-10,0.8408299,8.067278,-0.07067479,-2.3208046,1.0
1004,1.0576972,0.13006599,2.33458,-0.0,0.61331284,7.5407286,-0.05905266,-2.2427437,1.0
1005,1.1216418,0.23051232,4.53696,-0.0,0.7717163,6.94699,-0.050182346,-2.1950686,1.0
1006,1.0922214,0.3473557,2.0416322,-0.0,0.9483151,5.9760165,-0.038518466,-2.1318247,1.0
1007,1.1816988,0.28654543,4.4051337,-0.0,0.88337266,4.622845,-0.049199175,-2.1245692,1.0
1008,1.4665737,0.29401216,9.652668,-0.0,0.8349803,3.1327012,-0.038106136,-2.0900848,1.0
1009,1.6240283,0.5530891,7.8301,-0.0,1.0119318,2.7154782,0.02479983,-2.0531025,1.0
1010,1.7101278,0.5871673,7.358724,-0.0,1.184787,3.3430572,0.0072169504,-2.01039,1.0
1011,1.7125973,0.47266975,6.798776,-0.0,0.9542313,4.717043,0.005713354,-1.8885324,1.0
1012,1.8012832,0.45352447,10.729807,-0.0,0.9759146,6.7768407,-0.005009618,-1.7827902,1.0
1013,1.7160002,0.9815156,8.314813,6.5117707,1.1216717,9.021511,0.03129744,-1.6231377,1.0
1014,1.6917148,0.8013834,11.412024,2.9302967,1.0301787,11.484793,0.052930538,-1.4639401,1.0
1015,1.6645161,0.60482544,12.805768,8.481841,0.17660175,13.267661,0.019565191,-1.2881905,1.0
1016,1.6162934,0.6726594,12.7353945,3.8168287,0.6664641,13.545787,0.051710624,-1.1405149,1.0
1017,1.5912318,0.7016861,13.401285,8.880781,0.5668306,13.167548,-0.020839617,-0.98788786,1.0
1018,1.4425514,0.044507574,9.865757,3.9963512,-0.15162948,12.582642,-0.03705393,-0.8851234,1.0
1019,1.3840933,0.3871598,11.41239,8.310128,0.054006007,12.086871,-0.034377083,-0.80856365,1.0
1020,1.3857694,0.61125416,12.805932,10.902765,0.017655974,11.531151,0.0014188789,-0.6922083,1.0
1021,1.3898346,0.14103717,12.736736,4.9062448,-0.112176664,10.842657,-0.027048115,-0.62449527,1.0
1022,1.440506,0.40225178,13.401889,9.371018,0.11702222,9.824006,-0.06077223,-0.6456444,1.0
1023,1.3496062,-0.04366456,9.517249,4.216958,0.09760888,9.106664,-0.11621487,-0.6151492,1.0
1024,1.357163,-0.061207138,11.95312,1.897631,0.2777804,9.144058,-0.107781306,-0.53940994,1.0
1025,1.3704369,0.18425566,12.351703,7.3657045,-0.008188068,8.901397,-0.07806427,-0.44689542,1.0
1026,1.2638094,0.3960647,9.393445,3.3145669,0.786707,8.545207,-0.058815386,-0.314965,1.0
1027,1.2272598,0.5589017,11.199849,1.4915551,1.1028856,8.7773485,-0.018651037,-0.19869843,1.0
1028,1.1012377,1.1334893,8.875111,7.8344073,1.5260522,9.069925,-0.010070786,-0.13885884,1.0
1029,1.0897732,1.1107293,11.664158,3.5254834,1.8569449,9.382657,0.009809442,-0.06997833,1.0
1030,0.965934,1.202114,8.73527,8.098238,1.6437837,9.413093,-0.010909366,-0.0052895998,1.0
1031,0.8304134,1.4793968,7.7668176,17.97349,1.0751458,9.107794,-0.008112391,0.08128346,1.0
1032,0.8167496,1.3775592,10.467867,14.59984,0.87610215,8.93065,0.05630722,0.16301475,1.0
1033,0.7167144,1.3130727,8.545718,13.733136,0.8700767,9.38453,0.05122683,0.24578452,1.0
1034,0.59721476,0.8654118,7.6807523,13.343119,0.05322158,9.272918,0.038603887,0.34896177,1.0
1035,0.48177648,1.3200833,7.2915173,20.33082,0.060215715,9.130238,0.063074894,0.44271058,1.0
1036,0.25727484,1.311223,3.2811825,22.17241,-0.033381455,8.240831,0.039618958,0.5076376,1.0
1037,0.15817761,0.8119381,5.311711,24.304,-1.090843,8.08101,3.0515741E-5,0.5286821,1.0
1038,-0.29944876,1.1414623,-5.2800875,25.263214,-0.6307476,7.7480345,0.020423431,0.56353563,1.0
1039,-0.66100633,0.74396384,-6.2112184,25.694862,-1.2722843,6.0802374,-0.020638926,0.63198566,1.0
1040,-0.9855167,0.7631306,-9.76975,31.103329,-1.6895896,2.8500268,-0.048593603,0.4965322,1.0
1041,-0.7820459,0.6767809,-0.90998787,27.020039,-1.3617071,-2.643233,-0.055438254,0.3319127,1.0
1042,-0.33988258,0.5520422,3.4256845,26.485432,-1.3243874,-7.6740046,-0.09613357,0.13102144,1.0
1043,-0.22668041,0.4164182,-5.431241,24.941986,-1.3460759,-11.150458,-0.11060191,-0.040433753,1.0
1044,-0.6572262,0.71950626,-21.619955,25.550308,-0.7915288,-13.542679,-0.10902483,-0.1923539,1.0
1045,-1.1581492,0.29533824,-27.160976,18.009409,-0.5555867,-14.146027,-0.15352254,-0.34354246,1.0
1046,-1.6321825,0.45724913,-29.654436,21.127775,-0.5438415,-13.789577,-0.15890993,-0.4199235,1.0
1047,-1.7811136,0.9521657,-23.803694,22.53104,0.27920482,-12.94069,-0.15043084,-0.5915785,1.0
1048,-1.6893511,0.9750161,-18.382019,24.465382,0.3625289,-12.662368,-0.19489032,-0.7157074,1.0
1049,-2.1148772,0.85646856,-32.676704,24.032963,0.20790945,-12.727423,-0.20233673,-0.87021124,1.0
1050,-2.2732806,1.0679684,-28.657726,23.845484,0.7492213,-12.877736,-0.21588686,-1.0349164,1.0
1051,-2.0605345,1.1651349,-19.868774,23.75401,0.7511501,-12.70898,-0.17938094,-1.1912162,1.0
1052,-1.9988397,1.1802555,-24.281664,25.015718,0.5380114,-14.0491085,-0.16200003,-1.4247874,1.0
1053,-1.3357245,1.4392354,-10.926748,30.792385,0.2934808,-18.363476,-0.14054666,-1.7678876,1.0
1054,-0.9465227,1.2370166,-18.862635,26.880116,0.19291684,-24.015072,-0.118431345,-2.1564033,1.0
1055,-0.5469641,0.90064955,-19.993723,26.422466,-0.6107014,-28.81288,-0.0916643,-2.4876828,1.0
1056,0.2659246,1.2297683,-8.997175,31.42542,-0.35475808,-31.472317,-0.11608539,-2.8947508,1.0
1057,0.7839432,0.6988066,-14.507926,27.16498,-0.65933836,-33.523655,-0.17050081,-3.2735941,1.0
1058,1.3338914,0.28293487,-10.363746,26.550655,-1.3745248,-32.294483,-0.18476757,-3.4704869,1.0
1059,1.844254,0.99154663,-4.6636853,31.486658,-0.8299881,-25.884275,-0.12110623,-3.5500443,1.0
1060,2.0953312,0.68001014,-2.0986583,20.680767,-0.47016963,-15.2674465,-0.08204272,-3.3995817,1.0
1061,2.0531225,1.1131655,-0.94439626,23.632761,0.043491706,-3.4520862,-0.07332395,-3.1106782,1.0
1062,1.9563575,1.2022967,3.0614212,23.658283,0.40571705,5.5180087,-0.1045421,-2.9033594,1.0
1063,1.676317,1.5099093,1.3776394,30.181538,0.16334206,11.383359,-0.08100985,-2.7085948,1.0
1064,1.6402264,1.7244738,8.290296,35.07132,0.036098514,13.966475,-0.078528486,-2.5703716,1.0
1065,1.7063559,1.7237135,11.4009905,37.271717,0.06664572,14.46759,-0.12765883,-2.5047307,1.0
1066,1.7685417,1.1906539,12.103245,36.307587,-0.94434774,14.404573,-0.12617144,-2.3842773,1.0
1067,1.8222824,1.7417305,13.116817,37.828037,-0.33046442,14.25751,-0.06357165,-2.1212044,1.0
1068,1.8470004,1.4645339,12.877269,36.56326,-0.46208814,13.772224,-0.11577005,-1.9820973,1.0
1069,2.0309358,0.944982,17.300308,37.94309,-1.5252942,12.813728,-0.14676611,-1.8675181,1.0
1070,2.1116447,1.6776241,14.757937,43.12147,-1.1292443,10.728991,-0.053361606,-1.7780622,1.0
1071,2.333947,1.1127381,18.146608,40.894287,-1.5778697,8.622051,-0.135459,-1.7353714,1.0
1072,2.4006903,1.2242824,15.138772,44.449512,-1.9051174,7.689999,-0.109014116,-1.6207013,1.0
1073,2.5352788,1.1054114,18.317984,41.4919,-1.7827147,8.75275,-0.11453391,-1.5402733,1.0
1074,2.419532,0.6593125,15.215892,38.20667,-2.0429497,11.927056,-0.1655487,-1.2094012,1.0
1075,2.2117608,0.6486423,14.5175085,38.68263,-1.9749635,15.745659,-0.19068794,-1.0890409,1.0
1076,2.062805,0.68229604,16.992077,36.942493,-1.6040725,17.767658,-0.20828265,-0.80080515,1.0
1077,1.8184891,0.41352603,15.316792,30.950539,-1.490723,19.421055,-0.20628378,-0.5282693,1.0
1078,1.6650754,0.8909466,17.353657,33.466606,-0.8046211,19.915758,-0.20247371,-0.3059568,1.0
1079,1.5939033,1.0212282,19.314682,36.5496,-0.90269935,19.582087,-0.19957726,-0.06828255,1.0
1080,1.4094563,0.7580271,15.664405,29.47086,-0.66245323,18.444956,-0.19588898,0.09097501,1.0
1081,1.2269642,1.5001868,14.719339,34.75151,-0.090513796,17.522327,-0.13153322,0.28329408,1.0
1082,1.0424398,1.4787723,13.596502,35.173492,-0.1494833,16.615046,-0.13741678,0.45070827,1.0
1083,0.90971625,1.3768574,13.788783,30.154486,-0.015124223,16.091597,-0.09805179,0.51288116,1.0
1084,0.7659046,1.7756623,13.177751,39.6166,-0.22120316,15.931429,-0.10589867,0.6880887,1.0
1085,0.5250052,1.2525336,9.765166,39.317093,-1.1339496,15.339161,-0.13095404,0.8314439,1.0
1086,0.20927499,1.5085802,4.394325,39.18232,-0.83657587,12.118749,-0.08722944,0.8392334,1.0
1087,-0.012644,1.502048,1.9774461,37.167355,-0.81813216,7.3670864,-0.05276681,0.74289817,1.0
1088,-0.109160334,1.1635793,0.88985074,38.21923,-1.550273,2.1744237,-0.069033906,0.67800856,1.0
1089,0.16607265,1.4065427,7.373232,43.245735,-1.6185862,-2.9175649,-0.06895125,0.5900917,1.0
1090,0.03226429,1.0544943,-4.3524036,40.950207,-1.8751376,-6.1740026,-0.10603572,0.49560574,1.0
1091,0.19564955,0.9570535,1.5278178,37.962906,-1.8294457,-7.977751,-0.08990684,0.36376595,1.0
1092,0.32961065,1.3543906,0.687518,45.736137,-1.7815466,-9.06227,-0.10867048,0.23732464,1.0
1093,0.42858893,0.5961395,0.3093831,40.11657,-2.5256274,-9.064073,-0.14236273,0.16508223,1.0
1094,0.51214147,0.52861,0.13922238,39.542084,-2.5210385,-9.117638,-0.15612745,0.06978847,1.0
1095,0.60894275,0.25728208,0.06265007,30.817476,-2.0077727,-9.829668,-0.16995181,-0.090390265,1.0
1096,0.7169251,0.70726126,0.028192533,35.35749,-1.270155,-10.78434,-0.224911,-0.20787233,1.0
1097,0.81166905,0.27845398,0.012686639,35.449734,-1.4830841,-10.542205,-0.3446063,-0.3393554,1.0
1098,0.8724165,-0.063185215,0.0057089883,28.97592,-1.3449388,-9.534405,-0.36358327,-0.40479124,1.0
1099,0.9084432,0.6783028,0.0025690445,27.36558,0.08807215,-9.078664,-0.31186247,-0.39363423,1.0
1100,0.9215821,0.38254502,0.0011560698,25.33805,0.07067842,-7.8969464,-0.37543058,-0.46694216,1.0
1101,0.9524706,0.26037523,5.2023155E-4,25.72854,-0.40530267,-8.191765,-0.3449695,-0.5815844,1.0
1102,0.995492,0.1645919,2.3410397E-4,18.089613,0.16371146,-8.537248,-0.32661548,-0.67608815,1.0
1103,1.0263705,0.17894009,1.05346924E-4,15.303533,0.6223134,-8.040873,-0.3455389,-0.7366245,1.0
1104,1.1727109,0.28223482,3.4864469,13.39836,0.8950311,-7.504116,-0.31770635,-0.79266053,1.0
1105,1.2381194,0.023893686,1.5689011,13.19247,0.76535904,-7.777873,-0.38437977,-0.9198456,1.0
1106,1.2593281,-0.3215575,0.7060054,5.9366117,0.73349977,-7.422132,-0.35986125,-0.99154764,1.0
1107,1.235373,0.3840144,0.3177024,9.836116,1.669503,-5.8348136,-0.3443104,-1.0384223,1.0
1108,1.3001041,0.09277926,3.6293654,4.4262524,1.7477303,-4.093643,-0.35585198,-1.0286348,1.0
1109,1.3755792,0.120031916,5.119614,8.503584,1.3561106,-2.539188,-0.35910192,-1.0536268,1.0
1110,1.4197748,0.040682707,6.1390047,3.8266127,1.506913,-0.509088,-0.32126525,-0.9790309,1.0
1111,1.262755,0.19829287,2.7625523,1.7219757,1.8543144,2.3686671,-0.28286147,-0.8990728,1.0
1112,1.173786,0.22249946,5.078327,0.77488905,2.0599055,4.3926497,-0.29098338,-0.81744003,1.0
1113,1.2392219,0.1263679,9.955605,0.34870005,1.7994498,5.957243,-0.27228385,-0.73449755,1.0
1114,1.1819564,0.012792686,7.9664216,0.15691501,1.6189464,7.1695104,-0.27829912,-0.6487735,1.0
1115,1.105212,0.19988762,7.4200683,0.07061176,1.8248667,7.372843,-0.24469876,-0.5816005,1.0
1116,1.0219625,0.31572562,6.826064,0.031775292,2.0170207,7.145495,-0.23534964,-0.5259175,1.0
1117,0.83011365,0.17411742,3.0717287,0.01429888,1.6781293,6.4989257,-0.22751205,-0.48813307,1.0
1118,0.88420147,0.1120985,8.355077,0.006434496,1.4200547,5.696835,-0.20513746,-0.4450924,1.0
1119,0.91110504,0.2826581,7.594963,0.0028955224,1.6854516,4.880422,-0.18937634,-0.41480008,1.0
1120,0.80448973,0.48016974,3.4177334,0.0013029858,1.8877057,3.6937232,-0.15300715,-0.41266918,1.0
1121,0.9185253,0.29487133,8.510778,5.8634323E-4,1.6309267,3.0845532,-0.17546086,-0.40860915,1.0
1122,0.8309389,0.3076908,3.8298504,2.638548E-4,1.416431,3.174995,-0.13376018,-0.3758189,1.0
1123,0.80962425,0.42422158,5.2098317,1.1873409E-4,1.6126796,3.2031708,-0.12564342,-0.351383,1.0
1124,0.6960261,0.4148364,2.3444242,5.3430245E-5,1.5364867,2.7453408,-0.1158484,-0.33018813,1.0
1125,0.7139428,0.34621716,4.8901696,2.4044182E-5,1.2858702,2.2233922,-0.09729259,-0.35146767,1.0
1126,0.75645137,0.39607117,5.68761,1.0819356E-5,1.2570528,2.0920086,-0.07432889,-0.329317,1.0
1127,0.7059519,0.40104568,2.5594242,4.869188E-6,1.254883,0.872121,-0.07211477,-0.36926615,1.0
1128,0.6321863,0.39247844,1.1517409,2.1906094E-6,1.2142581,0.110517085,-0.06816521,-0.37432584,1.0
1129,0.56707424,0.4407052,0.5182834,9.854878E-7,1.1348605,-0.39550456,-0.03703948,-0.40861216,1.0
1130,0.52071166,0.28694844,0.23322752,4.4404246E-7,0.9466318,-0.828089,-0.059965808,-0.45031527,1.0
1131,0.49155948,0.32840523,0.10495238,1.9958037E-7,0.9094385,-1.2240218,-0.03857657,-0.47509393,1.0
1132,0.4862158,0.3837188,0.04722857,8.976342E-8,1.0085139,-1.8346686,-0.035724595,-0.5278914,1.0
1133,0.50872827,0.39894632,0.021252856,4.010706E-8,1.0079514,-2.862601,-0.030102715,-0.5795484,1.0
1134,0.56123626,0.37727222,0.009563785,1.814367E-8,0.975929,-4.1095686,-0.032345522,-0.65864205,1.0
1135,0.6311732,0.43796203,0.0043037036,8.5943705E-9,1.0041641,-5.0908976,-0.015297131,-0.7335933,1.0
1136,0.7096696,0.5004568,0.0019366659,3.81972E-9,1.0180899,-5.734902,0.0048671635,-0.82309604,1.0
1137,0.7973707,0.45125046,8.714997E-4,1.90986E-9,0.9962889,-6.5472326,-0.009080668,-0.90585876,1.0
1138,0.8958948,0.4823834,3.921745E-4,9.5493E-10,0.93008167,-7.492164,0.013626711,-0.9964096,1.0
1139,0.9963767,0.43310034,1.764787E-4,0.0,0.9199775,-8.006053,-0.0023751801,-1.105359,1.0
1140,1.0825869,0.87214464,7.9415804E-5,7.163208,0.8909813,-7.982869,0.019224219,-1.1765952,1.0
1141,1.1450716,0.6863089,3.57373E-5,3.2234435,0.9538676,-7.38559,0.019302094,-1.239811,1.0
1142,1.17421,0.93923664,1.6081976E-5,8.613757,0.82594883,-6.2703605,0.025916671,-1.2680116,1.0
1143,1.1573106,0.7111359,7.23646E-6,10.387961,0.17824897,-4.2889266,0.020379908,-1.2753226,1.0
1144,1.0993598,0.4952566,3.2563114E-6,4.6745825,0.2723581,-2.1987169,0.039277073,-1.2568243,1.0
1145,1.0266316,0.6260222,1.4658176E-6,8.616516,0.1724829,-0.69490254,0.025631167,-1.2767224,1.0
1146,0.96342164,0.30747563,6.598566E-7,11.040641,-0.54633963,-0.2755581,-0.013066679,-1.2876996,1.0
1147,0.93756187,0.5801432,2.9698325E-7,12.131496,-0.4486462,-1.2635355,0.046837233,-1.3093367,1.0
1148,0.93931097,0.16552484,1.3369021E-7,5.459173,-0.4992106,-2.1067781,0.038113654,-1.3445513,1.0
1149,0.9640394,0.29700613,6.0160595E-8,8.968398,-0.72853804,-2.983176,0.055730443,-1.3875698,1.0
1150,1.125181,0.44452175,3.8351789,11.198987,-0.6310471,-2.8511133,0.04793908,-1.433359,1.0
1151,1.2726972,-0.021654453,5.2122297,5.039544,-0.81217754,-1.5945652,0.032974843,-1.4251704,1.0
1152,1.3849027,-0.13618498,6.180682,2.2677948,-0.69814,0.034060936,0.026783334,-1.3980621,1.0
1153,1.2816412,0.14244613,2.781307,1.0205076,0.056638274,2.845102,0.021490103,-1.3241283,1.0
1154,1.228719,-0.022310525,5.0879188,0.4592284,0.094357945,5.1497355,-0.033425335,-1.2473578,1.0
1155,1.1879433,0.20956498,6.124742,7.3698606,-0.11456135,6.504658,-0.050523862,-1.1703231,1.0
1156,1.1325101,0.3823894,6.242533,3.3164372,0.42647758,7.294782,-0.0014688695,-1.075912,1.0
1157,1.0822545,0.25322938,6.644319,1.4923967,0.5070736,7.806926,-0.025902733,-0.98572224,1.0
1158,1.0243618,0.60852283,6.4763427,7.183349,0.40757835,8.012414,0.0067851003,-0.9168985,1.0
1159,0.9794215,0.4712865,6.7495327,3.232507,0.6005381,8.151359,0.002132836,-0.8598729,1.0
1160,0.9137803,0.2815832,6.5236893,1.4546281,0.44829184,8.514985,-0.00481817,-0.7403764,1.0
1161,0.86358595,0.31774732,6.770839,0.6545826,0.41181937,8.45004,0.030355085,-0.6640698,1.0
1162,0.98300666,0.4398647,10.717236,0.29456216,0.7724028,7.4925213,0.019242765,-0.63127637,1.0
1163,0.88516027,0.33809832,4.822756,0.13255297,0.56641495,6.2241516,0.02138509,-0.61303914,1.0
1164,0.8835974,0.5472186,6.0061865,7.22429,0.29588124,4.7935686,0.003221737,-0.6281397,1.0
1165,0.91445094,0.4632802,6.5379624,3.2509305,0.4011847,3.9598775,0.033417266,-0.5958988,1.0
1166,0.92623496,0.6544044,6.4284825,7.9746895,0.28020996,4.090641,0.029754609,-0.55408305,1.0
1167,0.79148364,0.45872054,2.892817,3.5886102,0.24110553,4.5362463,0.05273305,-0.5016196,1.0
1168,0.7641902,0.5017963,5.136946,8.778082,-0.04494283,4.6766276,0.014960099,-0.48798913,1.0
1169,0.756887,0.02309128,5.798025,3.950137,-0.3787041,4.9218197,-0.0044916007,-0.4476804,1.0
1170,0.7454391,0.3892411,6.4442897,8.940769,-0.23257856,5.9419503,0.0035143641,-0.38206327,1.0
1171,0.60516554,0.046160605,2.8999305,4.023346,-0.12936872,5.8309436,-0.040729217,-0.34035656,1.0
1172,0.4490978,-0.11459364,1.3049687,1.8105056,-0.26532292,5.098045,-0.03141241,-0.3012292,1.0
1173,0.316392,-0.14628273,0.58723587,0.81472754,-0.23403227,4.442346,-0.028530248,-0.30363712,1.0
1174,0.20264961,-0.1034137,0.26425615,0.3666274,-0.067905106,4.248376,-0.032906577,-0.27538416,1.0
1175,0.102679834,-0.014198957,0.11891527,0.16498232,0.0925625,4.1530433,-0.024470922,-0.2061848,1.0
1176,0.18437116,0.04657687,3.888691,0.07424205,0.31613797,3.1168647,-0.039364845,-0.21571144,1.0
1177,0.33158296,0.017900774,5.23631,0.033408917,0.3075956,1.4351617,-0.04737187,-0.22499326,1.0
1178,0.23426655,0.097225174,-1.4788394,0.015034013,0.43325618,0.059890773,-0.040046446,-0.25821155,1.0
1179,0.22048092,0.23797968,-0.6654777,0.006765306,0.6330193,-1.1548542,-0.02359814,-0.31335393,1.0
1180,0.24666934,0.17968549,-0.29946494,0.0030443876,0.5968868,-2.0701432,-0.038280908,-0.35172373,1.0
1181,0.29145142,0.24298312,-0.13475922,0.0013699741,0.6742195,-2.6822927,-0.02875608,-0.39954826,1.0
1182,0.34158754,0.31122512,-0.06064165,6.164885E-4,0.8236189,-3.031847,-0.02992389,-0.44455007,1.0
1183,0.37416065,0.24774612,-0.027288742,2.7741957E-4,0.64654374,-2.552498,-0.022227883,-0.4635539,1.0
1184,0.39856607,0.35763052,-0.012279933,1.2483895E-4,0.8252575,-2.261866,-0.013471864,-0.4996483,1.0
1185,0.4228484,0.38353625,-0.00552597,5.6177578E-5,0.84273905,-2.4074292,-0.007139973,-0.5171227,1.0
1186,0.45463493,0.3336875,-0.0024866865,2.5279864E-5,0.7831219,-2.7517598,-0.014804502,-0.5632181,1.0
1187,0.47486076,0.31326872,-0.001119009,1.1376082E-5,0.76391673,-2.4194,-0.018856976,-0.5820121,1.0
1188,0.45139945,0.6303956,-5.035537E-4,6.5117755,0.7158316,-0.7946816,-0.025098871,-0.53525275,1.0
1189,0.38465294,0.3827714,-2.2659916E-4,2.9302988,0.60868716,1.2121338,-0.025077306,-0.47453374,1.0
1190,0.2837022,0.37133545,-1.0196934E-4,1.3186345,0.661321,3.1158698,-0.006460491,-0.39122427,1.0
1191,0.17366908,0.33394933,-4.58863E-5,0.5933855,0.6279634,4.431109,1.2585022E-4,-0.34923732,1.0
1192,0.07251516,0.27748725,-2.0648451E-5,0.26702347,0.5101137,5.028258,0.0065552583,-0.3171331,1.0
1193,-0.014368918,0.21142101,-9.292424E-6,0.12016056,0.34621963,5.2271647,0.013934768,-0.27974424,1.0
1194,-0.08195134,0.16500437,-4.181639E-6,0.05407225,0.2877867,5.0453863,0.008593659,-0.24662389,1.0
1195,-0.4062419,0.1581937,-7.6703596,0.024332512,0.30776238,4.572658,0.0032924057,-0.21498632,1.0
1196,-1.2618116,0.14179495,-24.370058,0.01094963,0.2868462,4.4487524,0.0012602382,-0.18893707,1.0
1197,-2.0086017,0.01418575,-26.307241,0.004927334,0.25544,4.986539,-0.039296687,-0.14372548,1.0
1198,-2.4575887,0.201171,-22.297457,0.0022172998,0.25923756,5.378406,0.027471393,-0.06455718,1.0
1199,-2.4874709,0.19271518,-13.869034,9.977854E-4,0.45847192,4.763531,-0.0100044655,-0.054859582,1.0
1200,-2.662499,0.35780638,-20.186663,4.4900333E-4,0.5473681,1.574338,0.034298275,-0.14685386,1.0
1201,-2.609696,0.26039687,-19.543196,2.0205173E-4,0.5557704,-4.8469453,-0.0020971238,-0.40942827,1.0
1202,-2.5319877,0.21047017,-24.138224,9.092271E-5,0.36069873,-12.878859,0.01385978,-0.71910447,1.0
1203,-2.2982252,0.18103522,-24.807798,4.0915886E-5,0.35084745,-20.112934,0.0051833047,-1.1137922,1.0
1204,-1.7512218,-0.03678252,-18.833866,1.8412005E-5,0.12436395,-25.490568,-0.03406953,-1.4318638,1.0
1205,-1.3596358,0.07067008,-22.420837,8.284973E-6,0.1294787,-28.375237,0.003949961,-1.74888,1.0
1206,-0.9016837,0.17614077,-20.548574,3.7280467E-6,0.53775597,-30.389046,-0.028443797,-2.1148105,1.0
1207,-0.6417111,0.08947556,-24.587574,1.677812E-6,0.2720386,-31.17303,-0.013714763,-2.402182,1.0
1208,-0.1636808,0.023853794,-18.037207,7.553496E-7,0.035288963,-31.139574,0.0035488962,-2.7205763,1.0
1209,0.024601446,0.023532752,-22.062342,3.3995508E-7,0.03643167,-28.37627,0.0032067657,-2.8877013,1.0
1210,0.22717553,0.024155945,-17.59841,1.527888E-7,0.03531071,-22.389961,0.0034700572,-3.0237968,1.0
1211,0.29660663,0.11464854,-14.893986,6.8754964E-8,0.21916507,-13.744906,0.0041037775,-2.9553633,1.0
1212,0.28947264,0.26257387,-10.537472,3.055776E-8,0.54834133,-3.9983037,2.9603593E-4,-2.7994618,1.0
1213,0.3089137,0.460013,-4.7418623,1.432395E-8,0.8537848,3.8300388,0.018492546,-2.600846,1.0
1214,0.04383145,0.5126252,-9.804196,6.6845103E-9,0.9014062,7.8328285,0.029128782,-2.4817734,1.0
1215,-0.3744675,0.41854158,-14.871086,2.86479E-9,0.7029981,8.856116,0.029429294,-2.407467,1.0
1216,-0.40471208,0.5351925,-6.6919885,9.5493E-10,0.76654506,8.696353,0.06048506,-2.3531992,1.0
1217,-0.28616035,0.5289068,-3.0113947,9.5493E-10,0.7330372,7.8249826,0.06402006,-2.2825458,1.0
1218,-0.39682388,0.8039877,-9.025485,7.163208,0.3650963,6.7065554,0.08507571,-2.2273135,1.0
1219,-0.2837199,0.8301146,-4.061468,9.735213,0.16745412,5.500534,0.07775642,-2.182268,1.0
1220,-0.08959011,0.7424742,-1.8276607,4.3808465,0.35892186,3.9741192,0.11908843,-2.1431954,1.0
1221,0.009572418,0.5843594,-4.3094807,8.484335,-0.22086172,2.113547,0.08108163,-2.1542852,1.0
1222,-0.056690197,0.117199905,-9.609625,3.8179507,-0.68913436,-0.003960773,0.085927576,-2.201324,1.0
1223,0.13764161,0.38924146,-4.324331,8.229848,-0.6088519,-2.4625566,0.08291476,-2.2327976,1.0
1224,0.42383826,0.28141248,-1.9459488,10.866639,-0.9469306,-4.519053,0.05031666,-2.297636,1.0
1225,0.4808527,3.164502E-4,-7.8484755,4.8899875,-0.83539367,-6.2314076,0.048036963,-2.4150827,1.0
1226,0.7096226,0.08150822,-3.5318139,2.2004943,-0.48620173,-7.1844897,0.070252046,-2.485828,1.0
1227,1.089213,-0.030310059,1.8970832,0.9902225,-0.4449072,-7.2371845,0.046752166,-2.5286489,1.0
1228,1.3478177,0.11760673,0.8536874,0.44560012,-0.21902691,-7.2532682,0.07188725,-2.554121,1.0
1229,1.5125915,0.3916664,0.38415933,0.20052004,0.435048,-6.1690507,0.06256962,-2.5880878,1.0
1230,1.5884725,0.17129213,0.1728717,0.09023401,0.22358076,-4.288057,0.021757439,-2.5471053,1.0
1231,1.5856283,0.41878727,0.07779226,0.040605303,0.47928992,-1.6882755,0.06775759,-2.50809,1.0
1232,1.6386195,0.53697485,3.521406,0.018272387,0.8840101,1.0544034,0.040812112,-2.4019275,1.0
1233,1.6481702,0.42281777,5.4198112,0.008222573,0.49018002,4.7328324,0.06776434,-2.206376,1.0
1234,1.7181584,0.5177595,10.109272,0.003700158,0.67719126,8.970966,0.06965002,-2.0440364,1.0
1235,1.4829217,0.72013474,4.549173,0.0016650715,0.9898237,12.025014,0.08858298,-1.844108,1.0
1236,1.4311059,0.54113847,9.717485,7.492821E-4,0.764968,13.984867,0.06280006,-1.7073829,1.0
1237,1.4510059,0.78944826,12.043226,7.163545,0.4217843,14.465901,0.06985694,-1.5944712,1.0
1238,1.4768965,0.38767117,12.39225,3.2235951,0.041982844,13.946298,0.06855305,-1.4962146,1.0
1239,1.403235,0.6442422,9.411691,8.613826,0.10781306,12.801835,0.04306763,-1.4263387,1.0
1240,1.4670613,0.3135979,11.907922,3.8762214,0.0032150678,10.993102,0.035689764,-1.3756266,1.0
1241,1.5496544,-0.090478756,12.331364,1.7442997,-0.36062965,9.585134,-0.0049577425,-1.2932947,1.0
1242,1.5002862,0.15406203,9.384293,7.9481425,-0.6152299,9.063908,0.004459378,-1.1615696,1.0
1243,1.4990135,-0.04282132,11.19573,3.576664,-0.43839666,9.766919,-0.010616465,-1.0492939,1.0
1244,1.36598,-0.183344,8.873258,1.6094989,-0.4709329,11.080794,-0.016788896,-0.8845821,1.0
1245,1.2971436,-0.3573724,10.965765,0.72427446,-0.5456081,12.395121,-0.04919353,-0.7663055,1.0
1246,1.1273336,-0.36896187,8.769773,0.32592347,-0.5197171,13.214166,-0.049997624,-0.6069146,1.0
1247,1.0621344,-0.28504518,10.919196,0.14666557,-0.28816277,13.196357,-0.056209516,-0.51063806,1.0
1248,0.93370324,-0.27121928,8.748817,0.0659995,-0.09254486,12.606139,-0.0834148,-0.4208497,1.0
1249,0.9263219,-0.21696779,10.909766,0.029699776,-0.014443097,11.517891,-0.076607876,-0.35331786,1.0
1250,0.7184327,-0.18491714,4.909395,0.013364899,0.08301941,10.296869,-0.081525296,-0.2773217,1.0
1251,0.6010806,-0.12158204,5.6956267,0.0060142046,0.14607143,9.116941,-0.06941595,-0.20373696,1.0
1252,0.53290075,-0.06112395,6.0494313,0.002706392,0.28095785,8.2344475,-0.07083682,-0.1383073,1.0
1253,0.36920935,-0.061286047,2.722244,0.0012178768,0.29614538,7.514685,-0.07347186,-0.097272135,1.0
1254,0.5780342,-0.1431163,11.684208,5.4804387E-4,0.17163098,6.7435627,-0.08146597,-0.057845004,1.0
1255,0.650337,-0.1220548,9.093072,2.4662024E-4,0.1781181,6.1407685,-0.07495224,-0.0018924917,1.0
1256,0.5396991,-0.021738855,4.0918827,1.109791E-4,0.30953225,5.31707,-0.06143698,0.014359037,1.0
1257,0.39398,-0.024846222,1.841347,4.9940933E-5,0.33106163,4.2439346,-0.06625057,0.020104632,1.0
1258,0.2580628,-0.1348024,0.8286061,2.2473323E-5,0.13596201,3.4916852,-0.072189786,0.03691575,1.0
1259,0.14809184,-0.12009569,0.37287277,1.011271E-5,0.16268562,2.9119673,-0.071494654,0.040302362,1.0
1260,0.07001757,-0.122284405,0.16779274,4.5511965E-6,0.18931068,2.2371333,-0.07687214,0.036903434,1.0
1261,-0.22147338,-0.157919,-6.897292,2.0483249E-6,0.1313189,1.2610434,-0.079670444,7.715968E-4,1.0
1262,-0.13391428,-0.25260714,0.7313975,9.215075E-7,-0.018768487,-0.15955465,-0.08787936,-0.05568364,1.0
1263,0.5902602,-0.36512384,17.761126,4.1443963E-7,-0.21008971,-1.7056041,-0.09537799,-0.12256274,1.0
1264,1.081441,-0.27065304,14.965305,1.8621135E-7,-0.11193522,-3.0121796,-0.07816688,-0.17902105,1.0
1265,1.186081,-0.18898226,6.734387,8.403384E-8,-0.046198867,-3.7404764,-0.05999524,-0.24872041,1.0
1266,1.1417093,-0.3332067,3.0304742,3.81972E-8,-0.15505122,-3.9921224,-0.09318696,-0.27899253,1.0
1267,1.167429,-0.24721803,4.850113,1.7188741E-8,-0.27683112,-3.527584,-0.041147657,-0.30625027,1.0
1268,1.1967947,-0.26769528,6.0177298,7.63944E-9,-0.25636157,-1.9821491,-0.05211493,-0.29616877,1.0
1269,1.1324875,-0.3890567,6.1950116,3.81972E-9,-0.4793149,1.4968355,-0.057476137,-0.12094074,1.0
1270,0.95747614,-0.35249043,6.274154,1.90986E-9,-0.3988462,6.527538,-0.05835074,0.0801163,1.0
1271,0.5901132,-0.26728636,2.8233695,9.5493E-10,-0.32008788,10.790415,-0.041364506,0.24075297,1.0
1272,0.18776277,-0.4620233,1.2705163,0.0,-0.54547226,13.059736,-0.0727593,0.3696502,1.0
1273,-0.18485744,-0.5710379,0.5717323,0.0,-0.7221897,14.047391,-0.081610546,0.5007561,1.0
1274,-0.13704784,-0.6187756,10.716477,0.0,-0.6640036,14.579698,-0.108948976,0.6656558,1.0
1275,-0.61953217,-0.5729058,-2.8479428,0.0,-0.5786017,14.859389,-0.10715549,0.84072053,1.0
1276,-1.6027133,-0.9005377,-18.713572,-6.5117707,-0.34217906,15.53599,-0.13733171,1.0180925,1.0
1277,-2.6455255,-0.55618876,-25.853104,-2.9302967,-0.0732368,15.706137,-0.13055661,1.1930784,1.0
1278,-3.181476,-0.7280329,-19.30579,-8.483274,0.2952806,13.990564,-0.14633591,1.2210176,1.0
1279,-3.7259665,-0.34239262,-26.119602,-3.8174736,0.43940604,8.872371,-0.12436597,1.1323506,1.0
1280,-3.5138702,-0.28287283,-15.24022,-8.229633,0.7930352,-0.87413675,-0.07642346,0.82321745,1.0
1281,-3.3065987,-0.16852327,-22.198814,-10.866543,1.1388441,-12.829174,-0.042343006,0.41692707,1.0
1282,-2.9367638,-0.35004494,-23.935064,-11.401714,0.9014013,-23.032396,-0.05585944,-0.08906683,1.0
1283,-2.7304025,-0.24416278,-31.689173,-5.1307716,0.58845073,-30.221016,-0.08744936,-0.5202627,1.0
1284,-2.323975,-0.054858267,-28.205725,-2.3088472,0.3861153,-33.760674,-0.039929517,-0.90134066,1.0
1285,-1.9978445,-0.2835616,-30.124575,-1.0389812,0.08187463,-35.424786,-0.09488741,-1.2758312,1.0
1286,-1.4502834,-0.20174405,-24.015255,-0.46754155,-0.22698775,-36.55002,-0.023250744,-1.678748,1.0
1287,-0.8956317,-0.10437086,-22.315855,-0.21039367,-0.09553278,-37.545208,-0.015842369,-2.070922,1.0
1288,-0.6335008,-0.7345409,-27.474133,-0.09467715,-1.1233082,-36.505726,-0.067816295,-2.398648,1.0
1289,-0.6060543,-1.4400231,-29.795357,-6.554375,-1.769103,-31.034555,-0.08296644,-2.5587306,1.0
1290,-0.5511321,-1.3363372,-23.867107,-9.461239,-1.1455729,-22.282639,-0.09602166,-2.537004,1.0
1291,-0.7667749,-0.7009361,-24.685795,-10.769328,0.408725,-11.538892,-0.1098001,-2.4613285,1.0
1292,-0.93127686,-0.63298875,-18.081406,-11.357968,0.65179116,-1.2829471,-0.11596822,-2.2393541,1.0
1293,-1.3289398,-0.17468202,-22.082232,-5.1110854,0.14548877,3.865791,0.013010787,-2.075061,1.0
1294,-1.7252452,0.22119454,-23.8826,-8.811759,1.2100729,4.727233,0.04505866,-2.0216618,1.0
1295,-1.6804638,-0.2673526,-14.582349,-11.1285,0.5178112,3.8885539,0.03428717,-1.9957721,1.0
1296,-1.6914382,0.31029227,-17.021254,-5.007825,0.39045763,2.1212506,0.1435574,-2.0487082,1.0
1297,-1.7746032,-0.14146547,-21.607698,-8.766476,0.2894629,-1.0846947,0.07256636,-2.2513568,1.0
1298,-1.86975,-0.62253094,-25.064178,-3.9449139,-1.1298001,-4.953956,0.048950706,-2.370879,1.0
1299,-1.7003561,-0.66654974,-21.738077,-8.286982,-0.7726191,-9.321803,0.057432488,-2.6306503,1.0
1300,-1.3981926,-1.1622227,-20.241333,-10.2409115,-1.1336017,-13.761013,-0.02016013,-2.8401039,1.0
1301,-1.1689752,-1.4066026,-23.054197,-11.12018,-1.4764727,-17.447653,-0.031520866,-3.0184703,1.0
1302,-0.43827695,-1.277245,-10.374389,-11.515851,-0.66400635,-19.987896,-0.11731668,-3.3532102,1.0
1303,0.5463998,-2.0098362,-1.1820753,-11.693904,-1.5994124,-22.293777,-0.21629232,-3.6742034,1.0
1304,1.0209564,-0.52983725,-10.991132,-11.774027,0.7875189,-24.067396,-0.093140356,-3.939105,1.0
1305,1.5734731,-1.3688852,-4.946009,-19.624727,0.5932471,-22.200726,-0.20685056,-3.9827218,1.0
1306,1.9203998,-2.0253432,-2.225704,-15.344082,-0.8218264,-14.748624,-0.28405455,-3.780399,1.0
1307,2.125315,-1.3517032,2.4848325,-19.928377,0.72393024,-4.4848576,-0.21769999,-3.5913744,1.0
1308,1.9622711,-1.187245,1.1181746,-35.01485,2.4951096,7.2306066,-0.16612853,-3.3336146,1.0
1309,1.696297,-1.1484998,4.3383574,-30.0831,2.1617668,17.614809,-0.1925076,-2.9804726,1.0
1310,1.4067024,-0.95359313,5.43866,-33.072704,2.7644541,22.132282,-0.16732848,-2.7293453,1.0
1311,1.2651997,-0.5863874,9.420196,-34.41803,3.3098598,23.25777,-0.10256343,-2.4237275,1.0
1312,1.0744914,-0.21183886,8.074266,-29.81453,3.3738852,23.391853,-0.06967228,-2.1901083,1.0
1313,1.029651,0.27275205,10.606219,-26.440077,3.4850101,21.823055,0.019142944,-2.0245326,1.0
1314,1.0598092,-0.17151639,12.443155,-26.224451,2.358062,21.088001,0.04934938,-1.8948078,1.0
1315,0.9478655,0.034740116,9.086771,-18.31455,1.2298396,20.491566,0.16212729,-1.6944453,1.0
1316,0.85843414,0.2881048,7.924226,-22.567965,2.0407572,17.732546,0.19765733,-1.5614984,1.0
1317,0.9678253,-0.47021627,10.5387,-16.667355,0.3596728,13.092827,0.09791631,-1.4785068,1.0
1318,1.0925133,-0.49566478,8.577594,-14.663517,-0.33507216,7.778087,0.16927534,-1.5031482,1.0
1319,1.3570651,-0.38518044,10.832716,-13.1103525,-0.2612275,3.6859453,0.16574916,-1.5300797,1.0
1320,1.5321822,-0.982651,8.709901,-13.062867,-1.4333142,1.0190275,0.15191095,-1.4809334,1.0
1321,1.6674942,-0.7273177,7.4058547,-12.39006,-1.0398275,-0.64367044,0.16277322,-1.5866696,1.0
1322,1.9157635,-1.0365646,11.002993,-12.738734,-1.2636143,-1.0509077,0.096815005,-1.62845,1.0
1323,2.1095145,-1.7511415,11.924146,-12.244202,-2.1566682,0.25673038,-0.01643985,-1.5937158,1.0
1324,2.169149,-1.3690655,12.338664,-18.533432,-0.7678191,4.6109204,0.0057734,-1.4679627,1.0
1325,1.98896,-1.6446308,9.388345,-22.669327,-0.00412041,9.309467,-0.14384685,-1.2836365,1.0
1326,1.812574,-2.0474217,11.197554,-16.712967,-1.0132234,13.089347,-0.23281004,-1.0818968,1.0
1327,1.4835705,-1.6420488,8.525298,-27.056147,0.7493825,16.372324,-0.18652786,-0.853771,1.0
1328,1.252849,-1.3157982,11.5067425,-26.50168,1.2884232,19.103075,-0.17307997,-0.62609947,1.0
1329,1.0415456,-1.4243066,12.150832,-31.461067,1.161611,20.46228,-0.092216365,-0.40100873,1.0
1330,0.7193598,-1.1681423,8.954274,-33.69279,2.165923,21.552183,-0.12922183,-0.2357607,1.0
1331,0.65282464,-1.388152,15.534959,-36.65138,2.0549428,22.52886,-0.13092126,0.046778433,1.0
1332,0.52193683,-0.9469987,13.963531,-36.02843,2.628786,22.673388,-0.08329403,0.19988653,1.0
1333,0.3298797,-0.62658346,10.118768,-37.70242,3.2509723,19.675467,-0.042013757,0.29999438,1.0
1334,-0.04638607,-1.0371491,1.0664117,-36.50495,2.4368653,14.575031,-0.07300052,0.33238426,1.0
1335,-0.0852807,-0.73959893,4.315064,-37.916855,2.7661784,8.377321,0.00552088,0.27352154,1.0
1336,0.17294061,-0.043962542,8.9145775,-30.086124,3.2949536,2.7954931,0.010230818,0.21055187,1.0
1337,0.42064974,-0.8108867,7.846739,-35.02838,2.3084357,-1.1041143,0.0020118847,0.14954235,1.0
1338,0.51183105,-0.46783486,3.5310323,-28.786312,1.733123,-3.369146,0.10169353,0.069735594,1.0
1339,0.5318767,-0.0040162946,1.5889645,-27.280254,2.3364549,-4.0649576,0.1349696,0.024166314,1.0
1340,0.5398048,-0.79040164,0.715034,-25.299656,0.9927361,-4.671607,0.04431463,-0.0670888,1.0
1341,0.56640416,-0.9760488,0.32176527,-25.711262,0.61075187,-5.579711,0.051533487,-0.19311364,1.0
1342,0.5854513,-0.90845805,0.14479439,-24.593609,0.65942305,-5.7810726,0.045390155,-0.19964086,1.0
1343,0.71463037,-1.4851696,3.9003363,-25.39354,-0.33688807,-4.560175,0.025310798,-0.22570544,1.0
1344,0.7009019,-1.2855651,1.7551513,-30.965956,0.32165492,-2.943836,0.09378487,-0.20394577,1.0
1345,0.5735351,-1.4686288,0.78981805,-33.46999,0.6152239,0.2736187,0.026495915,-0.07702997,1.0
1346,0.3696257,-1.4066882,0.35541815,-29.38791,0.28459165,4.109715,0.025043467,0.015245628,1.0
1347,0.15870115,-0.6532239,0.15993816,-26.248102,1.2849334,6.0472827,0.061756805,0.070732325,1.0
1348,-0.038013585,-0.6936402,0.07197217,-26.13806,1.415825,7.3313613,0.022332247,0.107350044,1.0
1349,-0.20899187,-0.85333544,0.032387473,-31.29744,1.3991865,7.574341,0.06969903,0.20725119,1.0
1350,-0.6229953,0.08131888,-7.655783,-21.247055,2.0556154,7.364683,0.09447965,0.2696995,1.0
1351,-1.0388098,0.021396087,-10.417901,-22.584717,2.0073185,6.786144,0.10767473,0.33386105,1.0
1352,-1.1464176,-0.093564734,-4.6880555,-17.32633,1.062946,6.149182,0.12527396,0.3905868,1.0
1353,-1.3903061,-0.3625214,-9.083692,-27.33571,0.9927231,5.8221626,0.23851658,0.45574918,1.0
1354,-0.9851885,0.07212243,7.4178753,-19.464277,1.2201465,5.514545,0.20015848,0.5370399,1.0
1355,-1.2697995,-0.6920134,-10.607554,-21.782465,-0.04850223,3.1587524,0.18974416,0.47801593,1.0
1356,-1.5919135,-0.06413794,-16.278936,-16.965317,0.24795984,-0.9302898,0.26976117,0.32650453,1.0
1357,-1.5576265,-0.2369649,-10.81192,-14.146163,-0.28276804,-4.5267243,0.2433999,0.23640472,1.0
1358,-1.7420534,-0.33641514,-18.81096,-12.877543,-0.58468366,-7.5837126,0.23469283,0.10815007,1.0
1359,-1.4572201,0.24532972,-8.464932,-5.7948947,-0.21149234,-9.392969,0.23988897,-0.013515506,1.0
1360,-1.4208585,-0.47527748,-14.268417,-9.1194725,-0.9214083,-9.711279,0.1684797,-0.17111915,1.0
1361,-1.3238266,-0.3613902,-13.393586,-4.1037626,-1.4904492,-10.426265,0.20863266,-0.3477048,1.0
1362,-1.3259506,-0.20705183,-16.489166,-8.360241,-0.81873405,-11.04168,0.23253243,-0.5229754,1.0
1363,-1.7377851,-0.81323236,-28.33852,-3.7621083,-1.8707327,-11.327374,0.104670316,-0.6237963,1.0
1364,-2.0181112,-0.8682984,-28.09305,-8.856156,-1.9620756,-11.981068,0.20141453,-0.7411385,1.0
1365,-2.034635,-0.75498277,-23.10107,-10.497041,-1.4777744,-12.075605,0.1910725,-0.8732418,1.0
1366,-2.0635638,-0.94675803,-24.341078,-11.235439,-1.5377709,-12.558436,0.1469054,-1.0197605,1.0
1367,-2.3228197,-0.7555377,-31.871881,-11.567718,-0.82227063,-12.99752,0.098866016,-1.22749,1.0
1368,-1.9496223,-0.9565139,-17.828745,-11.717243,-0.9397384,-14.748702,0.049656264,-1.4531754,1.0
1369,-1.8464246,-0.84088707,-25.454931,-11.78453,-0.5764095,-17.459902,0.03005075,-1.7347846,1.0
1370,-1.5435007,-0.534061,-21.913918,-11.814809,0.06006429,-20.26807,0.031452026,-2.0294933,1.0
1371,-1.2186278,-0.51434565,-21.3668,-12.479872,0.15966348,-22.27368,0.034610692,-2.2670124,1.0
1372,-0.9886177,-0.47753653,-23.563194,-12.128897,0.13202965,-23.51988,0.04579304,-2.5277176,1.0
1373,-0.6752563,-0.6622795,-21.062634,-18.481544,0.34859368,-24.094622,0.06752358,-2.7894197,1.0
1374,-0.35810956,-0.18493874,-19.937382,-8.316695,0.33903542,-24.11994,0.04019297,-3.0547233,1.0
1375,0.120796464,-0.42052314,-12.807001,-10.905721,0.24515204,-22.054127,0.022646653,-3.1957245,1.0
1376,0.28252143,-0.38599026,-16.22235,-11.419344,0.38873345,-17.66009,0.020376712,-3.2377267,1.0
1377,0.4630961,-0.6487477,-10.786456,-11.6504755,-0.011673348,-11.223232,-8.2669815E-4,-3.1601837,1.0
1378,0.6289804,-0.23251997,-4.8539047,-11.754484,0.54678714,-3.2026284,0.054635894,-2.966387,1.0
1379,0.54171216,-0.16342603,-6.019436,-12.452726,0.80508405,4.3763638,0.048538063,-2.820532,1.0
1380,0.48976505,-0.41762975,-2.7087462,-12.115497,0.4667811,8.635133,0.008484076,-2.6820664,1.0
1381,0.44421354,-0.6113974,-1.2189358,-11.964929,-0.058313254,10.567624,0.026267335,-2.5261002,1.0
1382,0.2660491,-0.67801386,-4.3837,-12.547425,-0.12372949,11.217281,0.025046572,-2.407935,1.0
1383,0.09365939,-0.12948538,-5.4590645,-5.6463413,0.2570799,10.851205,0.020505967,-2.3808424,1.0
1384,0.055641852,-1.1554627,-2.456579,-15.564394,-0.31796154,10.756248,-0.053915557,-2.2591238,1.0
1385,0.07717629,-0.7901018,-1.1054605,-14.167185,-0.2421437,10.082851,0.03712178,-2.1678612,1.0
1386,0.17114548,-0.46678436,-0.4974572,-12.887003,0.48128438,7.4412007,0.0034854065,-2.1802576,1.0
1387,0.3586545,-0.8138108,-0.22385573,-18.822693,0.5587712,2.6928904,-0.017441941,-2.246312,1.0
1388,0.48490897,-0.5299633,-3.935914,-8.470211,0.18347155,-2.0980773,-0.05495969,-2.3901494,1.0
1389,0.6208114,-0.56446534,-5.2575607,-10.323366,0.17782061,-5.7278733,-0.029628174,-2.4872725,1.0
1390,1.0162007,-0.40511435,1.1214485,-11.159061,0.63271314,-8.03884,-0.034133904,-2.5849974,1.0
1391,1.327252,-0.44186613,0.50465184,-12.184786,0.6212845,-8.943194,-0.025054175,-2.6627765,1.0
1392,1.6931285,-0.44938302,3.7134926,-11.994925,0.5314594,-8.692017,-0.015986513,-2.7783897,1.0
1393,2.0951188,-0.56244314,8.64387,-11.909487,0.32508737,-6.295943,-0.022856062,-2.7011654,1.0
1394,2.2318377,-0.17400475,7.376141,-11.871039,0.91747904,-1.1231803,0.01400923,-2.5291154,1.0
1395,2.1858356,-0.22702788,7.154442,-12.505175,1.1124033,4.9149294,-0.026415313,-2.3695827,1.0
1396,1.9714562,-0.17394702,6.7058983,-12.139099,1.0004472,10.92731,0.0046348637,-2.0567527,1.0
1397,1.8173497,0.0026220072,10.688011,-5.4625945,0.7409523,15.968827,-0.019170463,-1.8212684,1.0
1398,1.6295785,0.08863221,11.782404,-2.4581676,0.42939097,19.472572,0.0060866643,-1.5323331,1.0
1399,1.469057,-0.21401355,12.97244,-8.269383,0.5765688,21.03971,-0.01355579,-1.3237033,1.0
1400,1.3042015,-0.75130165,12.811664,-10.234178,-0.019342043,21.352045,-0.06553647,-1.0997252,1.0
1401,1.1812686,-0.4753358,13.435606,-4.6053796,-0.26240572,21.216133,-0.035431307,-0.93571544,1.0
1402,0.91749257,-0.37297487,9.532422,-2.0724206,-0.2454825,20.95828,-0.051581115,-0.68054533,1.0
1403,0.7559667,-0.6821509,11.262388,-7.44436,-0.38191983,20.78354,-0.033226233,-0.49228057,1.0
1404,0.57296354,-0.3418278,8.903254,-3.3499618,-0.12946877,18.77517,-0.035090107,-0.38464352,1.0
1405,0.55838764,-0.61071926,10.979262,-8.019253,-0.18198791,15.3834505,-0.030511726,-0.24809569,1.0
1406,0.54865444,-0.8857688,8.424216,-10.1151085,-0.31786728,10.996672,-0.06462995,-0.28499946,1.0
1407,0.3341103,-0.31832173,-0.047737755,-4.551799,-0.0104090255,6.442766,-0.02304767,-0.33953086,1.0
1408,0.4837305,-0.51433927,6.951317,-8.560081,0.18796909,3.5176985,-0.048630062,-0.35642308,1.0
1409,0.25600645,-0.6303148,-3.846609,-10.365583,0.13770464,1.3983356,-0.045951746,-0.39284164,1.0
1410,0.1983505,-0.04406681,-1.7309741,-4.6645126,0.5823889,-0.3606198,-0.024135401,-0.43624103,1.0
1411,0.21625578,-0.18060325,-0.77893823,-8.610801,0.7608846,-1.4539708,-0.026085746,-0.48015565,1.0
1412,0.52460396,-0.24961297,6.622277,-10.38663,0.7569178,-2.463007,-0.015120573,-0.5270584,1.0
1413,0.9141861,-0.023539547,9.952824,-4.673984,0.67669696,-3.6860738,-0.03273335,-0.57584375,1.0
1414,1.0470881,-0.018648095,4.4787703,-2.1032927,0.34226027,-4.707628,-0.023998467,-0.6520758,1.0
1415,1.2105083,-0.08385913,5.501846,-0.94648165,0.04709823,-5.257599,-0.019389236,-0.7504736,1.0
1416,1.2281989,0.05870321,2.4758306,-0.42591673,0.05641747,-5.0465965,0.020130862,-0.7931223,1.0
1417,1.1716036,-0.23337409,1.1141237,-0.19166252,-0.48875383,-3.7820935,0.0043072803,-0.8302787,1.0
1418,1.2023723,-0.3498615,3.987755,-0.08624813,-0.8069701,-2.603612,0.01514097,-0.7865072,1.0
1419,1.2264532,-0.22497463,5.281523,-0.038811658,-0.56199765,-0.6376479,0.01686306,-0.7361643,1.0
1420,1.1851046,-0.30331486,6.211864,-0.017465247,-0.58908784,2.9823403,-0.0072482857,-0.58141536,1.0
1421,1.055809,-0.33740792,6.2817383,-0.00785936,-0.69516,6.9609075,-0.0015341811,-0.43416086,1.0
1422,0.75345117,-0.22436573,2.8267822,-0.0035367121,-0.48339486,9.730141,0.0024722451,-0.26968655,1.0
1423,0.5490371,-0.3147411,5.107231,-0.0015915207,-0.64689523,11.47426,-0.0019977442,-0.12781587,1.0
1424,0.37961552,-0.34590554,5.784653,-7.1618415E-4,-0.6195091,12.549848,-0.018040529,-0.016089875,1.0
1425,0.09934524,-0.46021235,2.6030939,-3.2228313E-4,-0.8151753,13.351667,-0.025510004,0.12428997,1.0
1426,-0.1892537,-0.6868917,1.1713922,-1.4502714E-4,-0.99324846,13.758589,-0.076543115,0.21984282,1.0
1427,-0.6863523,-0.7667868,-6.4456725,-6.5261826E-5,-1.01402,13.198471,-0.101771355,0.2984138,1.0
1428,-1.5140054,-0.95333153,-20.335718,-6.512984,-0.63255316,10.265239,-0.105986446,0.30648538,1.0
1429,-1.6170765,-0.579753,-9.151073,-2.9308426,-0.39727253,4.786926,-0.08270056,0.16009979,1.0
1430,-1.8881599,-0.86233246,-18.06358,-14.342421,0.2415867,-1.0215253,-0.06895847,0.05993992,1.0
1431,-1.2018067,-0.73370284,2.3305867,-6.454089,-0.24118324,-6.9161544,-0.09514732,-0.2280172,1.0
1432,-0.99492216,-0.29237956,-9.410434,-2.9043398,0.24371366,-10.778207,-0.08981832,-0.4143286,1.0
1433,-0.86385465,-0.3152455,-11.905053,-8.470161,0.77554446,-13.12023,-0.079698436,-0.5242459,1.0
1434,-1.1288846,-0.63683265,-22.789272,-10.323343,0.5262464,-13.698558,-0.11588982,-0.64975256,1.0
1435,-0.8505478,-0.16220118,-10.255172,-4.6455045,0.534161,-14.109324,-0.058457475,-0.809479,1.0
1436,-0.7747814,-0.4377019,-15.074025,-8.602247,0.40867764,-14.763438,-0.057775922,-0.9820888,1.0
1437,-0.6493936,-0.29049307,-13.758013,-3.8710113,0.1596967,-14.945042,-0.055289563,-1.1031636,1.0
1438,-0.7596713,-0.3711671,-20.136703,-8.253725,0.5109054,-14.893541,-0.05829307,-1.2971407,1.0
1439,-0.69616437,-0.36297116,-16.034315,-3.7141764,0.22773233,-14.249548,-0.09628776,-1.3990474,1.0
1440,-0.35877675,-1.0656203,-7.215441,-8.834587,-0.438153,-12.217181,-0.1333908,-1.4802897,1.0
1441,-0.5126785,-0.79613024,-17.192547,-10.487335,0.19318368,-9.385085,-0.11259606,-1.5169569,1.0
1442,-0.35368568,-1.0446619,-7.736645,-11.2310705,0.1564483,-6.2367587,-0.18128644,-1.5123248,1.0
1443,-0.26971444,-0.8994804,-6.96789,-11.565753,0.27951127,-3.54894,-0.14363109,-1.4207824,1.0
1444,0.15553814,-1.1115845,3.8372483,-18.228128,0.7707486,-2.099303,-0.17319398,-1.4113636,1.0
1445,0.37944767,-0.53196687,1.7267617,-8.202658,0.5691328,-0.83724546,-0.12773389,-1.3958933,1.0
1446,0.4814983,-0.6839295,0.77704275,-18.021914,1.2396429,0.7546714,-0.10407262,-1.3659018,1.0
1447,0.49108413,-0.3314747,0.34966925,-14.621631,1.4683241,2.7933605,-0.08381395,-1.2714876,1.0
1448,0.4226479,-0.1551329,0.15735115,-13.091505,1.6150409,5.4471087,-0.07592594,-1.1561238,1.0
1449,0.5701006,0.043208323,7.7411656,-13.054385,1.8356848,8.228865,-0.04334658,-1.0185342,1.0
1450,0.4746755,-0.042116433,3.4835243,-12.386243,1.4622073,10.127949,-0.02286406,-0.8915879,1.0
1451,0.31213313,0.1302743,1.567586,-5.573809,0.894348,10.590701,0.0025690463,-0.81273675,1.0
1452,0.26561415,0.14230634,4.191813,-9.019985,0.872873,10.612149,0.07880622,-0.6907315,1.0
1453,0.28658563,0.14173456,5.7214947,-4.058993,0.5364566,10.0106325,0.03853852,-0.6071601,1.0
1454,0.3184602,-0.26426727,6.061072,-1.8265468,-0.43017524,9.156297,0.014940715,-0.49870887,1.0
1455,0.37567395,-0.44590858,6.562661,-7.9851537,-0.23595656,8.106783,0.037792716,-0.44531423,1.0
1456,0.30355838,-0.31261536,2.9531972,-3.5933192,-0.31954706,7.0859437,0.013420658,-0.3961686,1.0
1457,0.19268338,-0.5124306,1.3289387,-1.6169935,-0.9081731,6.625266,0.003940513,-0.351002,1.0
1458,0.34903732,-0.5461379,7.5708213,-7.2394176,-0.46159276,5.646918,0.025917046,-0.31979614,1.0
1459,0.32766008,-0.54075205,3.4068694,-3.2577379,-0.6086423,5.0405555,-0.025510548,-0.29223773,1.0
1460,0.2642489,-1.1424289,1.5330912,-8.6291895,-1.0657792,4.0321836,-0.057200447,-0.2953517,1.0
1461,0.2295855,-1.1050574,0.68989104,-10.394906,-0.80163074,1.9746346,-0.054354187,-0.3179124,1.0
1462,0.3486957,-1.0473174,4.14563,-11.840916,-0.36012766,1.3637278,-0.08117495,-0.38231063,1.0
1463,0.36402223,-0.96176696,1.8655334,-11.840181,-0.051191267,0.9884077,-0.103688054,-0.36969924,1.0
1464,0.3411842,-0.9760402,0.83949,-11.839852,0.03708836,0.831455,-0.12408899,-0.3642363,1.0
1465,0.41413653,-0.36216307,3.8651214,-11.84148,0.9976835,1.4795439,-0.068632625,-0.31932512,1.0
1466,0.36588174,-0.55736524,1.7393045,-19.65508,1.525403,2.384964,-0.07558631,-0.24850206,1.0
1467,0.259063,-0.1932956,0.78268707,-15.356557,1.5163972,3.6806853,-0.02783674,-0.18175161,1.0
1468,0.2814775,0.42973548,4.187388,-6.9104505,1.6256547,4.296168,0.010802034,-0.13562196,1.0
1469,0.19071448,0.12833343,1.8843246,-9.621473,1.3323317,4.931937,0.0064086267,-0.044613708,1.0
1470,0.20100358,0.01880122,4.683125,-4.329663,0.3759298,5.6189637,0.02737202,0.010175539,1.0
1471,0.098980345,0.09922766,2.1074061,-8.460118,0.84683496,6.031876,0.05676212,0.07457514,1.0
1472,0.090705894,-0.53009766,4.7835116,-10.970262,-0.07042579,6.8232355,0.0378961,0.15504298,1.0
1473,0.23247907,-0.6702113,9.822938,-4.9366174,-1.1292148,7.992513,0.05082305,0.2365779,1.0
1474,0.494459,0.058543354,14.879519,-2.2214777,-0.14625917,8.834823,0.0900776,0.33977547,1.0
1475,0.49726614,-0.93990004,10.53173,-8.164307,-1.003943,10.074166,-0.0042575193,0.46871427,1.0
1476,0.25288934,-0.7616045,4.7392783,-3.6739376,-1.4560864,10.877933,0.04927072,0.6275467,1.0
1477,-0.0710442,-0.9929378,2.1326754,-15.979688,-0.57742345,12.029888,0.057530228,0.76434207,1.0
1478,-0.27943012,-0.9807963,4.446103,-13.702629,-0.43702886,13.219323,-0.0074862293,0.9047467,1.0
1479,-0.2738338,-1.0050577,9.671104,-13.3293915,-0.31782427,13.433328,-0.04425806,1.048239,1.0
1480,-0.32827696,-0.69589823,7.8383965,-5.998226,-0.37652573,12.643899,-0.067688785,1.1139578,1.0
1481,0.11661158,-0.9425639,20.959274,-15.722743,0.152298,11.387791,-0.055544987,1.2203717,1.0
1482,0.7585329,-0.41711882,28.607569,-14.238442,0.9185217,10.073387,-0.027731529,1.2581034,1.0
1483,0.81673443,-0.3742745,16.359804,-12.919068,1.0013344,9.269174,-0.05262008,1.3343707,1.0
1484,0.51291454,-0.6225013,7.361912,-12.327129,0.48405734,9.713374,-0.06449813,1.4422216,1.0
1485,-0.06546066,-0.24020275,-0.5223185,-12.710416,0.89590555,11.413027,0.0097527765,1.6285063,1.0
1486,-0.8194945,0.021664934,-7.2078424,-12.231458,1.3441335,13.444944,0.017182427,1.8189636,1.0
1487,-1.4565042,-0.35948333,-7.0787077,-12.667363,0.6860453,15.335358,0.001919077,1.9869184,1.0
1488,-2.2185092,-0.13120541,-13.644616,-5.7003136,0.16812345,15.986877,0.035781134,2.1399033,1.0
1489,-2.8082054,-0.07198891,-13.810435,-9.728349,0.36427265,15.272747,0.10293959,2.2213852,1.0
1490,-3.205846,-0.35857737,-13.181792,-10.884202,-0.041609094,12.937524,0.092592634,2.3229752,1.0
1491,-3.5506816,0.09581531,-17.446558,-4.8978906,0.05451114,7.988808,0.12152149,2.2022052,1.0
1492,-3.8324378,0.0018068193,-21.796549,-8.715821,0.26556784,1.5658797,0.1268865,2.1167665,1.0
1493,-3.8332324,-0.65185857,-20.266693,-10.433298,-0.51482177,-5.2229905,0.060124964,1.9383712,1.0
1494,-3.692949,-0.4471401,-20.627851,-4.6949835,-0.7062648,-11.530851,0.053656656,1.739603,1.0
1495,-3.653908,-0.04316363,-26.714529,-2.1127427,-0.19434492,-17.213646,0.060007267,1.4635621,1.0
1496,-3.4679775,-0.7040975,-25.967134,-7.462505,-0.87651956,-21.738995,0.04551443,1.1789877,1.0
1497,-3.3936589,-0.6099076,-30.861105,-3.3581269,-1.0840514,-25.176619,0.034243762,0.8830061,1.0
1498,-3.4038556,-0.517769,-34.805893,-8.022927,-0.6353116,-27.054358,0.082358554,0.5952012,1.0
1499,-3.6771798,-0.6501266,-43.55385,-3.6103172,-0.9234328,-27.448885,-0.0028951396,0.25981775,1.0
1500,-3.3763692,-0.42833015,-30.058428,-1.6246427,-0.88207096,-27.208372,0.030624604,0.043304406,1.0
1501,-3.2246208,-0.62334776,-32.70219,-7.8942976,-0.36427894,-26.28643,-0.00506912,-0.22215968,1.0
1502,-3.4561012,-0.47878054,-42.607178,-3.5524337,-0.43783993,-25.2022,-0.026143529,-0.47156897,1.0
1503,-3.643722,-0.6617188,-43.582466,-8.111549,-0.22113073,-24.484177,-0.03934674,-0.78837407,1.0
1504,-3.5277274,-0.46520606,-37.044106,-3.650197,-0.09697488,-24.330729,-0.07823471,-0.99862224,1.0
1505,-3.7862873,-0.71195084,-48.04744,-8.154359,-0.2923891,-24.881031,-0.04426008,-1.3023865,1.0
1506,-3.5930917,-0.70933855,-39.05335,-10.1812315,-0.07272258,-26.21413,-0.0411269,-1.6116216,1.0
1507,-3.0981457,-0.572689,-31.519602,-11.093325,0.084118925,-27.800068,-8.1628753E-4,-1.9289806,1.0
1508,-2.7681613,-0.8048613,-35.102215,-11.503766,-0.11224827,-29.411198,-0.042399656,-2.2793965,1.0
1509,-2.7618968,-0.49894765,-43.68719,-11.688465,0.17962196,-30.336544,0.021251883,-2.6187608,1.0
1510,-2.4627044,-0.3811066,-37.091232,-11.77158,0.5937429,-30.877514,-0.0061214603,-2.9643438,1.0
1511,-2.4376817,-0.41641468,-43.537304,-12.460419,0.24931882,-30.90326,0.054330844,-3.1747153,1.0
1512,-2.1488457,-0.25400406,-37.028538,-12.120735,0.49031132,-30.485785,0.06455094,-3.5034888,1.0
1513,-1.9273734,0.14598288,-37.581238,-5.454331,0.4708772,-29.885777,0.08025197,-3.743318,1.0
1514,-1.5454938,-0.2059013,-30.857153,-8.966219,0.1888604,-27.203247,0.071507156,-3.9155354,1.0
1515,-1.5433154,-0.3889269,-36.896793,-11.198006,0.014060011,-23.011683,0.079788454,-4.005488,1.0
1516,-1.7786403,0.033387154,-41.008347,-5.0391026,0.18822663,-18.031221,0.07998966,-4.107816,1.0
1517,-1.7535245,-0.17038086,-32.399353,-8.7793665,0.15089887,-12.995575,0.08679901,-4.0875688,1.0
1518,-1.7736825,-0.09203063,-32.011707,-3.950715,-0.22315982,-9.960685,0.08403374,-4.1510653,1.0
1519,-1.7158078,-0.24876644,-29.745983,-8.94103,-0.047135606,-9.037541,0.09583463,-4.230014,1.0
1520,-1.5415841,-0.4736588,-27.33129,-4.0234632,-0.82021946,-10.053303,0.050995864,-4.396741,1.0
1521,-1.1942657,-0.47217184,-22.758278,-1.8105584,-1.0679654,-11.463602,0.050591893,-4.541654,1.0
1522,-0.806613,-0.43541765,-20.702324,-0.8147512,-1.0738837,-12.78193,0.045229103,-4.68527,1.0
1523,-0.19832101,-1.1420215,-12.802445,-6.8784084,-1.5738894,-13.235892,-0.0031947794,-4.7942886,1.0
1524,0.029378464,-0.86782134,-19.706697,-3.0952837,-1.4031959,-13.015404,-0.008611834,-4.8950653,1.0
1525,0.31295094,-1.055961,-15.840813,-7.9046483,-0.97992,-11.325555,-0.05445033,-4.913486,1.0
1526,0.6218507,-1.3319134,-10.963544,-17.883507,-0.27777085,-7.902395,-0.07788184,-4.78363,1.0
1527,0.9512832,-0.5730725,-4.9335947,-8.047579,-0.105487615,-2.6605625,-0.028769573,-4.6247654,1.0
1528,1.1358443,-0.29904982,-2.2201176,-10.133181,0.597735,4.5470467,-0.010349312,-4.4610076,1.0
1529,1.057202,0.032165833,-4.485452,-11.071702,1.0286474,9.5159855,0.053097878,-4.1672254,1.0
1530,0.9767828,0.40775803,-2.0184534,-11.494036,1.6946647,13.567687,0.08171989,-3.9605553,1.0
1531,1.0846415,0.08578665,2.9276423,-12.336958,1.2579708,13.812418,0.057700243,-3.9278967,1.0
1532,1.2196935,-0.15187512,4.8038383,-5.5516305,-0.11121909,13.5164175,0.07424335,-3.756511,1.0
1533,1.380725,0.06874349,5.9969063,-2.4982338,-0.029973805,12.208345,0.07938395,-3.6561012,1.0
1534,1.6727812,-0.22893792,9.671407,-7.635976,-0.08053691,9.973165,0.0825041,-3.5734243,1.0
1535,1.8625269,-0.8126134,8.187311,-3.436189,-1.2201046,8.777623,-0.014204551,-3.5260458,1.0
1536,2.0916393,-0.52202475,10.657089,-1.546285,-0.88103205,8.243111,-0.005366439,-3.3900588,1.0
1537,2.1363895,-1.1677085,8.282089,-7.2075987,-1.1366259,9.374864,-0.08206884,-3.2120872,1.0
1538,2.2169654,-1.4445388,11.397297,-10.406627,-1.456784,11.544042,-0.06335919,-3.036853,1.0
1539,2.2281895,-0.8364468,12.101583,-11.194753,-0.21928598,14.064878,-0.042317435,-2.8419216,1.0
1540,2.0426202,-1.351809,8.933063,-18.064734,0.28862548,16.932465,-0.18007016,-2.67779,1.0
1541,1.9174908,-1.6453601,11.690236,-8.129129,-1.1563282,19.350819,-0.23305339,-2.4246912,1.0
1542,1.939874,-1.3608365,15.719804,-16.68165,0.2773809,19.507875,-0.20889173,-2.240077,1.0
1543,1.9013059,-1.0805912,14.744269,-21.833158,1.547696,19.151558,-0.22532855,-2.0247338,1.0
1544,1.8209385,-1.5670689,13.607719,-22.848463,0.91056025,18.61633,-0.27061456,-1.8667713,1.0
1545,1.8723474,-0.73916036,16.582672,-23.30535,2.0403564,17.092482,-0.15813352,-1.670349,1.0
1546,1.847221,-1.0026834,15.13256,-24.813822,2.0772393,16.611322,-0.22969145,-1.4991821,1.0
1547,1.7514415,-1.4662921,13.782451,-30.701532,1.6915089,16.751148,-0.2137464,-1.3077801,1.0
1548,1.83801,-0.47572708,17.707638,-28.142105,3.0113795,15.416089,-0.13513872,-1.2392358,1.0
1549,1.7909821,-1.0985848,14.941236,-32.199257,2.520461,14.99497,-0.19466491,-1.066975,1.0
1550,1.6827492,-1.0745655,13.697623,-27.515575,1.5315273,15.438239,-0.10786227,-0.9279478,1.0
1551,1.597697,-0.648836,13.834289,-26.708424,2.3189478,15.058026,-0.106333554,-0.8173398,1.0
1552,1.6227391,-0.96984625,16.684628,-31.554102,2.1799865,14.672014,-0.1022088,-0.6590181,1.0
1553,1.5907416,-1.1475254,15.17844,-28.52576,1.7453171,14.013349,-0.15111758,-0.5800189,1.0
1554,1.5157788,-1.0140492,13.803097,-32.371902,2.0305133,13.11861,-0.076106325,-0.43499666,1.0
1555,1.4164759,-1.1220565,13.184192,-34.10267,1.9104265,13.123001,-0.060072154,-0.28769144,1.0
1556,1.339839,-0.77579474,13.603245,-29.672617,1.8571877,12.94538,-0.0136753265,-0.14157507,1.0
1557,1.2545707,-0.7263909,13.094258,-32.88799,2.2042716,12.522037,0.007817193,-0.0147816,1.0
1558,1.1918862,-0.6783139,13.562775,-29.126009,1.8690243,12.2504,0.008612154,0.13580008,1.0
1559,1.1177995,-0.8598849,13.077315,-32.64557,1.7173747,12.058757,0.03898116,0.22937109,1.0
1560,0.92460525,-0.475006,9.719971,-29.01692,1.9669919,12.007882,0.06284757,0.3498979,1.0
1561,0.82594895,-0.39490524,11.346786,-26.081156,1.632029,11.515592,0.091494985,0.49393612,1.0
1562,0.6680916,-0.38525832,8.941232,-18.899729,0.92139167,10.862179,0.07562623,0.5557736,1.0
1563,0.4979294,-0.5022759,7.5099535,-21.528418,0.8464372,10.195194,0.098404236,0.63460016,1.0
1564,0.49103808,-0.4991131,11.049836,-24.014202,1.0588909,9.790625,0.11202745,0.7280128,1.0
1565,0.30883697,-0.5435202,4.9724264,-17.969599,0.32082134,7.7951345,0.10395785,0.70829713,1.0
1566,0.27616736,-0.85238904,5.723991,-21.10986,-0.08010217,4.3170223,0.12406729,0.6316617,1.0
1567,0.36967808,-0.47159892,6.410975,-16.662645,0.109765455,0.425347,0.14070156,0.51801634,1.0
1568,0.28135914,-0.9139663,-0.60146075,-20.52173,-0.2409708,-3.2833889,0.11825648,0.37850842,1.0
1569,0.17583159,-1.2308105,-4.1066036,-23.564062,-0.3941712,-6.58825,0.09076371,0.20588535,1.0
1570,0.25547692,-0.6938231,-1.8479717,-17.115597,-0.22341278,-9.329917,0.12739243,0.02377716,1.0
1571,0.26329112,-1.5003476,-4.666766,-29.191643,-0.27615172,-11.149004,0.08468539,-0.06490939,1.0
1572,0.27177578,-1.1711289,-5.586444,-26.15978,-0.060560286,-12.11098,0.1062104,-0.19042954,1.0
1573,0.42889047,-0.8251368,-2.5138998,-24.795443,0.66325957,-12.772626,0.07897037,-0.39109698,1.0
1574,0.61805534,-0.87380666,-1.1312548,-24.18149,0.45445657,-12.948475,0.085361086,-0.5024054,1.0
1575,0.81780094,-0.7070354,-0.5090647,-25.208086,0.7545487,-13.491638,0.114022136,-0.65964407,1.0
1576,1.0080875,-0.41837516,-0.2290791,-24.36718,1.1847047,-13.9666815,0.12720938,-0.78705746,1.0
1577,1.1604863,-0.5204749,-0.10308559,-23.988771,1.0342253,-13.2857065,0.10889338,-0.90287215,1.0
1578,1.2403103,-0.20995218,-0.046388514,-17.959589,0.92699146,-10.961604,0.12003669,-0.961174,1.0
1579,1.2415825,-0.14926699,-0.020874832,-14.593585,0.69388807,-7.5359893,0.11548936,-1.0269742,1.0
1580,1.1667684,-0.530397,-0.009393673,-19.590654,0.21394156,-4.0688195,0.15974855,-0.9830426,1.0
1581,1.0565746,-0.103541955,-0.0042271535,-15.979003,0.5265813,-1.6507747,0.18813367,-0.95605105,1.0
1582,0.95983887,-0.35293594,-0.0019022187,-13.702321,-0.15903057,-1.0278611,0.17155032,-0.9625936,1.0
1583,1.0193361,-0.89314747,3.4855433,-12.6778145,-1.5891178,-1.4082847,0.2035086,-0.96337736,1.0
1584,1.1476951,-0.55902165,5.054894,-12.216787,-0.9337697,-2.1632802,0.20169888,-1.0432054,1.0
1585,1.2710418,-1.2060813,6.109881,-19.823969,-1.0910288,-1.539127,0.14603806,-1.0343096,1.0
1586,1.3395344,-1.3595554,6.2358456,-15.432556,-1.7959834,0.07878547,0.12552552,-1.0476149,1.0
1587,1.3362049,-1.1186898,6.2934813,-19.971745,-0.88287157,2.4892614,0.14441413,-0.97628903,1.0
1588,1.27185,-1.0351197,6.6672454,-23.313702,-0.39042228,5.874954,0.15551999,-0.9264223,1.0
1589,1.1498877,-0.93354887,6.48666,-17.002935,-0.77652717,8.227756,0.13387708,-0.78741777,1.0
1590,1.0604761,-0.7127529,6.7541757,-21.977737,-0.07216816,7.732972,0.19028312,-0.67031246,1.0
1591,1.1134632,-0.790944,10.012177,-22.913523,0.09233826,7.044655,0.1521826,-0.59264123,1.0
1592,1.1160047,-0.8443795,8.340658,-24.6375,0.11010765,5.725931,0.16400278,-0.55664134,1.0
1593,1.1093163,-0.66398615,7.239696,-24.110415,0.50090754,4.483654,0.15115516,-0.60268724,1.0
1594,1.0720842,-0.679515,7.093042,-18.012896,0.08467336,5.090115,0.09675695,-0.4907714,1.0
1595,1.0061225,-0.7813552,6.6782684,-21.129343,0.012354653,5.806016,0.13417691,-0.43133754,1.0
1596,1.0547549,-0.25079003,9.978019,-16.019974,0.5693507,6.289352,0.12815319,-0.3527749,1.0
1597,1.0048037,-0.67227715,8.326055,-21.538269,0.13589595,7.105976,0.16021821,-0.26717943,1.0
1598,0.91488445,-0.61507314,7.2331243,-16.203993,-0.29730967,7.1940536,0.15010884,-0.18934146,1.0
1599,0.85192955,-0.5888704,7.0900846,-21.618212,0.029293984,6.4092345,0.21030813,-0.15528221,1.0
1600,0.80370706,-0.9132046,6.6769376,-22.751736,-0.35239258,5.423942,0.18172787,-0.118385255,1.0
1601,0.65184015,-0.87709624,3.0046217,-17.40149,-0.84661615,4.443161,0.17427444,-0.105382584,1.0
1602,0.61835355,-0.9615316,4.8384795,-20.85421,-0.61827,3.5711548,0.17271715,-0.10157389,1.0
1603,0.63515234,-1.1655335,6.012494,-23.71081,-0.6860582,3.1209376,0.16739243,-0.031455528,1.0
1604,0.51383275,-1.3300793,2.7056224,-23.693405,-0.87229127,3.5576234,0.13986517,0.012492443,1.0
1605,0.76336515,-1.3605484,12.723066,-24.988447,-0.5848979,4.3461447,0.10480533,0.039903007,1.0
1606,0.67582595,-1.2294723,5.72538,-24.271896,-0.27705753,5.3480988,0.08470868,0.08846005,1.0
1607,0.6306079,-1.5411166,6.4115996,-25.24877,-0.3778109,5.40209,0.009034505,0.099675454,1.0
1608,0.49454382,-1.5269618,2.8852198,-30.897259,-0.09085601,3.8520637,0.07640506,0.1388695,1.0
1609,0.36938128,-1.3632945,1.2983489,-35.39339,0.6206291,2.2487943,0.101542644,0.10307559,1.0
1610,0.27321407,-1.0147748,0.584257,-28.950567,0.65409184,0.87438565,0.09397719,0.11661971,1.0
1611,0.21272787,-1.4022973,0.26291564,-34.51738,0.6664026,-0.09318252,0.062281754,0.072904065,1.0
1612,0.16797164,-1.192901,0.11831203,-35.068134,1.056063,-0.24627408,0.081388175,0.04174617,1.0
1613,-0.0018358615,-1.2514818,-3.7819383,-37.270283,1.30512,-0.17542826,0.06081842,-0.015381229,1.0
1614,-0.030403506,-1.0573348,-1.7018722,-36.30694,1.6449788,-0.8317204,0.05306884,-0.12196277,1.0
1615,0.011180771,-1.0833244,-0.7658425,-35.873432,1.5323316,-1.9304725,0.05460868,-0.17915264,1.0
1616,0.08949557,-1.225941,-0.3446291,-37.636967,1.3820716,-3.164378,0.06407559,-0.22481069,1.0
1617,0.1885932,-0.9984271,-0.15508309,-36.471947,1.4401834,-4.383737,0.1130819,-0.27927715,1.0
1618,0.30186158,-1.34456,-0.06978739,-42.459457,1.3665602,-5.5936656,0.119511425,-0.35011926,1.0
1619,0.40656933,-1.3274624,-0.031404324,-40.59638,1.1311426,-6.3380585,0.12950674,-0.3563957,1.0
1620,0.5047209,-1.2595214,-0.014131946,-37.80368,1.1115468,-6.2749424,0.102136746,-0.49642798,1.0
1621,0.5767884,-1.0852128,-0.0063593755,-36.546967,1.1724312,-5.657369,0.12960851,-0.5635231,1.0
1622,0.62680954,-1.5816522,-0.0028617189,-45.09897,1.102044,-5.0238295,0.13196824,-0.61941236,1.0
1623,0.6552662,-1.377275,-0.0012877738,-39.829845,1.0772922,-4.3657594,0.10565657,-0.6442952,1.0
1624,0.67255265,-1.3796805,-5.794983E-4,-43.970512,1.1570169,-3.8937159,0.17296173,-0.68245035,1.0
1625,0.6854755,-1.1503307,-2.607742E-4,-41.282803,1.2647644,-3.470044,0.1838655,-0.746049,1.0
1626,0.6973973,-1.2052857,-1.1734849E-4,-44.624344,1.2464031,-3.350672,0.23335502,-0.78001964,1.0
1627,0.7064883,-0.9360191,-5.2806678E-5,-39.616264,1.2439318,-3.14756,0.23177658,-0.8112402,1.0
1628,0.70243704,-0.68829066,-2.3763434E-5,-39.316944,1.3303328,-2.7258363,0.30026534,-0.7919699,1.0
1629,0.67199343,-0.4976997,-1.0693307E-5,-37.227936,1.5534267,-1.7636267,0.2890851,-0.7319131,1.0
1630,0.611023,-0.6494371,-4.8118927E-6,-36.287884,1.0623337,-0.2155196,0.30054897,-0.6854321,1.0
1631,0.53081375,-0.6669676,-2.1657813E-6,-29.353088,0.3017258,1.3107083,0.28833294,-0.66888356,1.0
1632,0.45893145,-0.58377224,-9.740286E-7,-34.698513,0.80626744,1.979734,0.33694664,-0.6967822,1.0
1633,0.40105328,-0.8926034,-4.3831287E-7,-35.149643,0.27327707,1.9672396,0.32656568,-0.6759035,1.0
1634,0.36738852,-0.991331,-1.9767052E-7,-30.143753,-0.5280734,1.4647702,0.3303401,-0.68171066,1.0
1635,0.36432457,-0.810182,-8.880849E-8,-33.103554,-0.15488133,0.40236863,0.3898119,-0.6916795,1.0
1636,0.38459128,-0.9408112,-4.010706E-8,-27.92014,-0.77418125,-0.7635979,0.3471332,-0.6831727,1.0
1637,0.41966963,-1.336622,-1.814367E-8,-34.053688,-0.9321741,-1.4371188,0.35308966,-0.7277404,1.0
1638,0.4602405,-1.1118137,-7.63944E-9,-28.3477,-0.71401113,-1.5328666,0.2835546,-0.8174685,1.0
1639,0.47992054,-1.6338243,-3.81972E-9,-32.291775,-1.3505442,-0.88605577,0.2832984,-0.82949376,1.0
1640,0.48057848,-1.3594909,-1.90986E-9,-34.066612,-0.71052146,0.01966598,0.3067736,-0.8598205,1.0
1641,0.48086905,-1.0984102,-9.5493E-10,-36.8196,0.005567874,0.021472873,0.3317089,-0.85843587,1.0
1642,0.4910482,-1.5409416,-0.0,-36.104134,-0.57666516,-0.41677436,0.25853968,-0.8664873,1.0
1643,0.5353556,-1.4830676,-0.0,-35.78217,-0.45496273,-1.713667,0.25205687,-0.9445952,1.0
1644,0.6015585,-1.1889552,-0.0,-37.5959,0.30367184,-2.9345767,0.26300636,-1.0003649,1.0
1645,0.65153414,-1.4578412,-0.0,-36.45347,-0.21022707,-2.8554225,0.23220186,-1.0044339,1.0
1646,0.6927081,-1.0216074,-0.0,-35.939373,0.0745401,-2.4881682,0.33016953,-1.0827888,1.0
1647,0.6943958,-1.0730362,-0.0,-42.219795,0.6123635,-1.0964707,0.3429665,-1.0692225,1.0
1648,0.6336227,-0.4707294,-0.0,-33.325325,0.40574348,1.1401066,0.41979358,-0.94066584,1.0
1649,0.58173364,-0.7249905,-0.0,-41.04348,0.8907298,1.5419862,0.39703992,-0.9652191,1.0
1650,0.54209787,-0.34873953,-0.0,-31.493105,0.540668,1.3696752,0.40420294,-0.9409751,1.0
1651,0.5179638,-0.846717,-0.0,-28.498312,-0.6974569,1.0098732,0.3792378,-0.93409294,1.0
1652,0.5105749,-0.7231214,-0.0,-32.35955,-0.35823566,0.561246,0.44164577,-0.95036864,1.0
1653,0.5142196,-0.53415674,-0.0,-28.892515,-0.3255432,0.12813134,0.4355443,-0.95447826,1.0
1654,0.5420287,-1.5417684,-0.0,-32.536945,-1.7615861,-0.8479841,0.39238742,-0.99432987,1.0
1655,0.5629187,-0.83789915,-0.0,-27.665165,-1.5402671,-0.8433451,0.5116036,-0.9907038,1.0
1656,0.5644176,-1.0088034,-0.0,-31.984636,-1.2673614,-0.5279939,0.4882913,-0.9271352,1.0
1657,0.5520244,-1.2403374,-0.0,-28.719501,-1.8124912,-0.28325388,0.434327,-0.8606464,1.0
1658,0.5527469,-1.2898147,-0.0,-32.459087,-1.4787326,-0.56611425,0.4328418,-0.8957695,1.0
1659,0.56705856,-1.5993778,-0.0,-34.1419,-1.7743621,-1.1141311,0.40558776,-0.9159747,1.0
1660,0.57954144,-1.8387406,-0.0,-34.899166,-2.0170543,-1.059891,0.37617242,-0.93574554,1.0
1661,0.5879706,-1.5874532,-0.0,-37.19425,-1.0366135,-0.9108432,0.34283537,-0.9499937,1.0
1662,0.5993024,-1.9069785,-0.0,-36.272724,-1.3942368,-0.8610198,0.27113652,-0.9953331,1.0
1663,0.5916697,-2.4229224,-0.0,-42.374542,-1.3700949,-0.20984435,0.20162196,-0.9711302,1.0
1664,0.5822327,-1.5541214,-0.0,-38.603855,0.070533454,0.022282612,0.19144355,-0.98023474,1.0
1665,0.56464934,-2.4916258,-0.0,-46.024563,-0.86741877,0.45382375,0.1622144,-0.96842694,1.0
1666,0.5618874,-2.1061263,-0.0,-46.758137,-0.46810997,0.06398504,0.2468007,-0.9906708,1.0
1667,0.5668217,-1.7417244,-0.0,-53.600006,1.1823637,-0.60440725,0.22850907,-0.9400103,1.0
1668,0.5650016,-2.1278934,-0.0,-59.93604,1.075935,-0.34077471,0.23301119,-0.93799865,1.0
1669,0.5726203,-1.5049274,-0.0,-59.530067,1.8267114,-0.583016,0.31996647,-0.9697523,1.0
1670,0.5837573,-1.3604842,-0.0,-59.347378,1.9161491,-0.9020776,0.35300633,-0.96019846,1.0
1671,0.5912553,-1.3400832,-0.0,-55.35915,1.4727222,-0.90251845,0.35804042,-0.95164293,1.0
1672,0.6055136,-0.8564363,-0.0,-57.476387,2.3168454,-1.1623893,0.42855865,-0.97637874,1.0
1673,0.6155124,-0.8215775,-0.0,-51.911457,2.0236409,-1.0813212,0.3816434,-0.981415,1.0
1674,0.6066105,-1.8250935,-0.0,-52.012985,0.22477429,-0.33758175,0.3324752,-0.9699159,1.0
1675,0.5859665,-0.9268823,-0.0,-49.452923,0.821895,0.29490572,0.5025942,-0.96284676,1.0
1676,0.5738011,-1.3547053,-0.0,-54.812664,0.94131523,0.31841877,0.43373358,-0.99572706,1.0
1677,0.5667685,-2.2261183,-0.0,-53.31853,-0.74961334,0.12784854,0.3820068,-0.9838639,1.0
1678,0.5930849,-1.7675139,-0.0,-50.04042,-0.3472555,-1.0372155,0.41305655,-1.0461851,1.0
1679,0.6173748,-2.2270646,-0.0,-55.077038,-0.6362484,-1.1725792,0.39692765,-1.0558066,1.0
1680,0.6277152,-2.2876709,-0.0,-60.600704,-0.2977297,-1.0041578,0.42590338,-1.0172911,1.0
1681,0.62660134,-1.8995725,-0.0,-59.838047,0.6985326,-0.8486349,0.37865338,-0.9713412,1.0
1682,0.6091524,-2.7395062,-0.0,-59.48597,-0.41393805,-0.3010567,0.26091844,-0.9290753,1.0
1683,0.6124253,-1.853148,-0.0,-59.327534,0.747945,-0.66683114,0.37675178,-1.0011319,1.0
1684,0.6161708,-1.2240595,-0.0,-62.513424,2.202819,-0.6992649,0.41534922,-1.0055052,1.0
1685,0.62813824,-1.6422886,-0.0,-60.689888,1.3252399,-1.4231292,0.38004804,-0.96166354,1.0
1686,0.6458164,-0.91881335,-0.0,-59.8693,1.8700325,-1.9081883,0.53064454,-0.9506226,1.0
1687,0.65333086,-0.5637687,-0.0,-55.594013,2.0213141,-1.5524536,0.5479393,-0.95928174,1.0
1688,0.62304634,-1.3057474,-0.0,-57.576153,0.4077172,-0.15021998,0.5982965,-0.9007059,1.0
1689,0.6004047,-0.17454307,-0.0,-51.95635,1.4485747,-0.05846501,0.71524054,-0.92072636,1.0
1690,0.58601326,-0.73535144,-0.0,-52.033188,0.46540013,-0.29357457,0.684357,-0.9074379,1.0
1691,0.58335274,-1.9475242,-0.0,-55.979706,-1.3589061,-0.62727576,0.64045775,-0.92023224,1.0
1692,0.5859407,-0.71614313,-0.0,-51.23795,0.09705905,-1.2279347,0.73920894,-0.8614054,1.0
1693,0.5981175,-1.4916401,-0.0,-49.104156,-1.1703157,-1.9633582,0.63625157,-0.82429045,1.0
1694,0.6191646,-2.3412166,-0.0,-50.749706,-2.5496342,-2.3819535,0.60071594,-0.8486318,1.0
1695,0.6430166,-1.557539,-0.0,-42.37268,-1.8331329,-2.2860987,0.5937839,-0.92284757,1.0
1696,0.6244877,-2.7912693,-0.0,-51.626553,-2.4293451,-1.2943062,0.43492547,-0.7929821,1.0
1697,0.56581926,-2.2431011,-0.0,-51.884777,-1.4601538,0.13806787,0.47025234,-0.6748175,1.0
1698,0.5288253,-2.3323407,-0.0,-55.907,-1.1184299,-0.17879184,0.45863968,-0.6888649,1.0
1699,0.52415913,-2.2554436,-0.0,-57.716995,-1.0278158,-1.4210141,0.5065773,-0.6779344,1.0
1700,0.5625721,-1.5219314,-0.0,-58.537415,0.27326092,-2.5961354,0.5626332,-0.8183699,1.0
1701,0.6140616,-1.6745098,-0.0,-62.157875,0.42212006,-3.6228642,0.5535719,-0.82591796,1.0
1702,0.65940344,-1.7549039,-0.0,-60.529892,0.30231038,-3.7078357,0.5130599,-0.8561721,1.0
1703,0.6829532,-1.5201249,-0.0,-59.7973,0.7590552,-3.0952554,0.50431347,-0.86426437,1.0
1704,0.67740977,-1.2595551,-0.0,-55.561615,0.54325473,-1.6623155,0.55171144,-0.90652007,1.0
1705,0.66364515,-1.8496058,-0.0,-64.07335,0.77842236,-0.6880403,0.46670234,-0.9867297,1.0
1706,0.6526942,-1.7364588,-0.0,-54.88009,0.16889119,-0.66669595,0.43086323,-0.98747313,1.0
1707,0.66498965,-2.5137515,-0.0,-63.766663,-0.37143227,-1.4887388,0.41977206,-1.0186468,1.0
1708,0.7152798,-2.2923007,-0.0,-64.51103,-0.0105434125,-3.1570566,0.45207933,-1.0718777,1.0
1709,0.7959734,-2.7015448,-0.0,-68.111244,-0.14811008,-4.7377863,0.39954868,-1.1474712,1.0
1710,0.881854,-2.6472003,-0.0,-76.23246,0.7411611,-5.4690266,0.42627794,-1.2154952,1.0
1711,0.9330212,-2.3983407,-0.0,-70.12064,0.91134137,-5.0230703,0.36565524,-1.1689627,1.0
1712,0.94077015,-2.3389578,-0.0,-70.62491,1.0077986,-3.4015884,0.38034758,-1.178873,1.0
1713,0.943931,-1.9756567,-0.0,-70.85183,1.8372799,-2.6202028,0.37254778,-1.280378,1.0
1714,0.9469275,-2.637612,-0.0,-77.46572,1.4650999,-2.1506896,0.3289904,-1.3588439,1.0
1715,0.96404827,-2.7024353,-0.0,-77.83882,1.3199028,-2.789559,0.33810017,-1.3728877,1.0
1716,1.0131061,-2.563764,-0.0,-74.09809,1.6729885,-3.7619376,0.25310853,-1.4975365,1.0
1717,1.0711572,-3.1431813,-0.0,-85.4383,1.6840732,-4.228531,0.26668087,-1.5807331,1.0
1718,1.1405032,-2.5190375,-0.0,-81.42648,2.2331378,-4.9171634,0.31756175,-1.6626459,1.0
1719,1.3171998,-2.692878,3.4870334,-88.74555,2.3980968,-5.031722,0.3712243,-1.6210228,1.0
1720,1.3884835,-2.4148383,1.569165,-85.51789,2.2168732,-4.5956535,0.43894693,-1.7242643,1.0
1721,1.4142622,-1.8284155,0.70612425,-88.62551,3.203808,-4.5119762,0.5414599,-1.7533499,1.0
1722,1.4290631,-2.075569,0.31775588,-91.97565,3.1371143,-4.628308,0.5301549,-1.8046564,1.0
1723,1.5526187,-2.1753206,3.978169,-84.368286,2.7375236,-3.760975,0.4126123,-1.7834013,1.0
1724,1.62788,-2.1988957,5.276575,-83.54813,2.695705,-1.6726644,0.3950358,-1.5929301,1.0
1725,1.613176,-2.4155517,5.8608584,-83.17905,2.375727,2.2557256,0.36475515,-1.4845247,1.0
1726,1.3784459,-2.301282,2.637386,-87.57303,2.585686,6.086496,0.456546,-1.2615932,1.0
1727,1.329942,-2.6512508,8.159622,-84.990265,1.5829283,8.589357,0.4523446,-1.1338197,1.0
1728,1.2350276,-2.9546797,7.5081606,-88.40313,1.288652,9.539488,0.4612588,-1.0206758,1.0
1729,1.1412166,-2.8801475,6.8650713,-91.87557,1.5414498,8.850385,0.5132027,-0.932684,1.0
1730,1.2097144,-2.9813635,10.75964,-98.64967,2.0418353,8.001581,0.52432245,-0.79755545,1.0
1731,1.1965282,-2.253679,8.328238,-96.48651,2.3644042,6.870418,0.68828523,-0.7897473,1.0
1732,1.173452,-2.2572756,7.5828857,-93.561386,2.5283024,6.3666735,0.60078907,-0.8194594,1.0
1733,1.2438205,-1.8603011,10.3850975,-87.68502,2.8268902,6.7176275,0.5760556,-0.7717614,1.0
1734,1.237218,-1.8021964,8.508472,-89.600716,3.290468,5.531481,0.55486774,-0.63936883,1.0
1735,1.185847,-1.7313787,7.315212,-85.90272,2.4847434,5.6570935,0.6464259,-0.63530165,1.0
1736,1.2891086,-1.6191041,10.962203,-81.635475,2.1417952,5.574533,0.6617127,-0.70637095,1.0
1737,1.2694784,-1.5595393,8.419391,-88.830124,2.4889872,5.0004663,0.7656322,-0.55983114,1.0
1738,1.2091049,-2.0786347,7.6246724,-82.9614,1.2270436,5.273237,0.680261,-0.47517067,1.0
1739,1.1199965,-1.4019759,6.9175014,-76.40325,1.062067,5.2295938,0.82301533,-0.33682933,1.0
1740,1.1878363,-1.1688304,10.783234,-77.36071,1.513242,5.631319,0.84808624,-0.37393022,1.0
1741,1.1337726,-1.9255781,8.338854,-73.88294,0.067111164,6.0596547,0.7561483,-0.30275655,1.0
1742,1.0182616,-1.9914268,7.5876637,-76.22658,-0.15925887,7.585786,0.8178428,-0.18201944,1.0
1743,1.0142962,-1.7290324,10.387247,-73.37258,0.392268,8.19241,0.7606742,-0.15184169,1.0
1744,0.9339962,-1.9579821,8.509439,-68.833694,-0.47292167,8.041172,0.7377418,-0.056149524,1.0
1745,0.8432098,-2.001257,7.315647,-70.045784,-0.3090176,7.210086,0.71782327,-0.036440354,1.0
1746,0.76011515,-2.0069244,6.7784405,-70.591225,-0.15502779,6.48848,0.6999797,0.027990248,1.0
1747,0.7082745,-2.3539894,6.8866286,-74.7582,-0.3606368,5.7764816,0.692809,0.075731814,1.0
1748,0.79324716,-1.8440629,10.071781,-72.711815,0.2876176,4.9838834,0.72423863,0.12607941,1.0
1749,0.6676726,-1.6684104,4.5323014,-68.536354,0.2912136,4.566706,0.70435524,0.11866755,1.0
1750,0.35611436,-1.8690405,-1.4468637,-69.91198,0.03833282,4.3121095,0.7029152,0.14511326,1.0
1751,0.29837587,-1.2533555,3.1840901,-67.27643,0.7267963,3.2808797,0.7538695,0.1923392,1.0
1752,0.19803828,-1.0437162,1.4328406,-66.09043,0.96796536,2.7688968,0.76435345,0.21420546,1.0
1753,0.73550814,-1.0086398,18.076775,-62.29954,0.5065105,1.9693468,0.78169066,0.24529883,1.0
1754,0.6811475,-1.0463929,4.29937,-56.687622,-0.20825407,1.0184914,0.780582,0.16336218,1.0
1755,0.5879323,-1.1129733,1.9347165,-64.580055,0.0019777135,-0.14218159,0.8764969,0.08027491,1.0
1756,0.62927943,-0.92129344,4.705801,-57.713856,-0.14428945,-0.63032365,0.835008,0.05715701,1.0
1757,0.5888087,-1.2639825,2.1176105,-52.023052,-1.2803466,-1.6395983,0.7950858,0.050906356,1.0
1758,0.5573859,-1.1441543,0.95292467,-52.063206,-1.2666066,-3.0727935,0.8367739,-0.04836905,1.0
1759,0.54203945,-1.1929457,0.42881608,-49.475525,-1.5264065,-4.0752587,0.8128756,-0.1062905,1.0
1760,0.5581836,-1.6027733,0.19296724,-48.311066,-2.1771903,-5.26528,0.75448585,-0.20175171,1.0
1761,0.6052151,-1.1286925,0.08683525,-43.229603,-1.7129538,-6.2734756,0.7447348,-0.34066945,1.0
1762,0.64552045,-1.5539765,0.039075866,-45.5004,-2.2322412,-6.4289923,0.7260143,-0.3608105,1.0
1763,0.6950456,-1.7779889,0.01758414,-46.522263,-2.265712,-6.4177,0.67123544,-0.5116768,1.0
1764,0.74272025,-1.7043118,0.007912862,-49.58785,-1.7814274,-6.6721387,0.6748267,-0.5477638,1.0
1765,0.79738814,-2.4425957,0.003560788,-54.87338,-2.4116454,-7.099968,0.62205744,-0.62031287,1.0
1766,0.88077,-2.3170218,0.0016023545,-57.25779,-1.843909,-8.24283,0.61649865,-0.7602325,1.0
1767,0.9775079,-1.9370856,7.210591E-4,-54.41884,-0.70604026,-9.436658,0.5007922,-0.82361066,1.0
1768,1.0962647,-2.982047,3.2447663E-4,-57.047325,-1.5394535,-10.332163,0.31994784,-1.0248493,1.0
1769,1.2054839,-2.0774744,1.4601453E-4,-51.718376,-0.681905,-10.092666,0.39259192,-1.199414,1.0
1770,1.2406198,-2.1601672,6.570682E-5,-66.25252,0.6745942,-7.4793267,0.4160019,-1.2310762,1.0
1771,1.3070796,-2.2722392,3.486429,-62.372482,0.035118535,-3.6580021,0.40915206,-1.1603806,1.0
1772,1.3126141,-2.0370235,5.0552926,-67.13824,0.9035354,0.8802286,0.43814623,-1.081388,1.0
1773,1.2551098,-1.5424125,6.11006,-66.028244,1.6637553,5.104783,0.46310118,-0.9727565,1.0
1774,0.99892026,-1.7576206,2.749527,-68.78333,1.6388856,8.496972,0.44419953,-0.8087093,1.0
1775,0.86382467,-1.3113371,5.0736175,-66.77929,2.1621435,9.298222,0.47505066,-0.76725906,1.0
1776,0.7909817,-1.664175,5.7695274,-69.1213,1.9583567,8.370968,0.42935953,-0.66867584,1.0
1777,0.7653917,-1.3596777,6.431466,-59.757416,1.4703654,7.6221614,0.43817523,-0.6018526,1.0
1778,0.75203025,-1.0532169,6.380559,-59.449684,1.7631093,7.01129,0.49205643,-0.5691832,1.0
1779,0.89729327,-1.8072283,10.541609,-69.731606,1.4486382,6.767084,0.4779339,-0.5688119,1.0
1780,0.92668927,-1.5841926,8.2301235,-57.426304,0.55585384,6.319191,0.46909776,-0.5061759,1.0
1781,0.9531916,-1.6786616,7.5387344,-61.65787,0.9053565,4.926766,0.4584355,-0.5103026,1.0
1782,0.85493284,-1.9219923,3.3924305,-60.304893,0.3140182,3.1821272,0.44611415,-0.47863805,1.0
1783,0.87961084,-1.9020716,5.361772,-62.953236,0.6499502,1.9936706,0.44770303,-0.5172901,1.0
1784,1.0513898,-2.0763268,9.385596,-67.399574,0.93638444,1.3038689,0.4233793,-0.46321318,1.0
1785,0.9777741,-2.124596,4.2235184,-66.153015,0.53701,1.7642546,0.4503004,-0.386835,1.0
1786,0.9249433,-1.957967,5.3869824,-62.327705,0.5658847,3.0457144,0.4296496,-0.29294413,1.0
1787,0.733002,-1.6587459,2.4241421,-63.863503,0.9059533,4.7608037,0.5091659,-0.2229168,1.0
1788,0.60844475,-1.8919427,4.5772634,-67.8092,0.8403045,6.7612085,0.5144132,-0.116118126,1.0
1789,0.5459733,-1.047342,5.894947,-59.16697,1.2925833,6.934009,0.56983435,-0.033906013,1.0
1790,0.3957878,-1.8085221,2.6527262,-65.695755,0.7566317,6.293509,0.5171269,-0.052157387,1.0
1791,0.24751197,-1.5429058,1.1937267,-58.215923,0.6043912,5.1722174,0.49121052,-0.033262543,1.0
1792,0.11770666,-1.4310585,0.537177,-58.756016,0.82178706,4.5044966,0.5046889,0.0075326334,1.0
1793,-0.11864863,-1.3924488,-3.5934494,-62.25624,1.0760455,3.7397065,0.5439828,0.02498349,1.0
1794,-0.2261596,-1.3258835,-1.6170521,-60.574158,1.0190161,3.4523654,0.5445399,0.04529298,1.0
1795,-0.6757374,-1.2203852,-12.235512,-55.916935,0.743683,2.5598357,0.5380168,0.048216987,1.0
1796,-1.0070642,-1.35036,-12.478779,-57.721466,0.4969739,1.3281192,0.56948286,0.05466564,1.0
1797,-0.82653195,-1.2551634,-1.7802715,-54.62749,0.40065122,-0.7580769,0.55924666,0.0058852527,1.0
1798,-0.4559296,-1.5011976,2.685277,-57.14122,0.29848605,-3.0559866,0.53799266,-0.17200576,1.0
1799,-0.80042344,-1.4664818,-16.223623,-51.760628,-0.1850193,-5.179189,0.52767473,-0.25782958,1.0
1800,-1.118531,-1.4202359,-18.806168,-51.945114,-0.27914807,-6.356419,0.56429225,-0.39080372,1.0
1801,-0.97593546,-1.6517222,-8.462775,-55.934147,-0.17458843,-6.622218,0.5416604,-0.45329618,1.0
1802,-0.6933565,-1.4748774,-3.8082485,-51.21745,-0.36706316,-6.448035,0.5453467,-0.5124276,1.0
1803,-0.89294857,-1.601804,-15.659309,-55.6067,-0.123960055,-6.4096026,0.5444808,-0.60795224,1.0
1804,-0.7216141,-1.3547549,-7.046689,-51.07483,-0.14120567,-6.6936526,0.54685533,-0.66748005,1.0
1805,-1.0541811,-1.5680519,-20.603006,-55.542522,-0.09813165,-7.2756095,0.550963,-0.7780644,1.0
1806,-1.1250156,-1.2378768,-16.244152,-51.041218,-0.12568255,-8.026848,0.58571875,-0.87555385,1.0
1807,-1.237562,-1.3257178,-18.815405,-51.62138,-0.1619982,-9.058144,0.57182807,-0.9856804,1.0
1808,-0.9173198,-1.2120056,-8.466931,-49.2767,-0.0909109,-9.847892,0.5541602,-1.112205,1.0
1809,-0.98609036,-1.0861709,-17.755716,-48.221596,0.06806925,-10.107385,0.55124664,-1.2305443,1.0
1810,-1.0641294,-1.3259726,-18.44927,-47.746803,-0.22397655,-9.91804,0.5058061,-1.2613053,1.0
1811,-0.97805566,-0.971483,-15.27497,-41.02137,-0.40510908,-10.241934,0.5318585,-1.4532626,1.0
1812,-0.69922125,-1.3377221,-10.360136,-51.018463,-0.075038835,-10.995634,0.54063225,-1.6020094,1.0
1813,-0.2514496,-1.2486688,-4.6620607,-44.454384,-0.6170614,-11.858013,0.5365196,-1.6707639,1.0
1814,0.10394404,-1.3642292,-5.5843267,-46.05155,-0.68614763,-13.063654,0.5384632,-1.8173567,1.0
1815,0.5427827,-1.5006319,-2.512947,-46.760807,-0.81056404,-14.472485,0.52487093,-2.010258,1.0
1816,1.3533007,-1.3399483,9.331225,-40.583004,-1.1875911,-15.315294,0.5257428,-2.2125747,1.0
1817,1.7947176,-2.1228733,4.1990514,-50.821198,-1.3084418,-14.865188,0.46692887,-2.2998872,1.0
1818,2.093207,-1.6150254,5.724752,-44.35916,-1.2490909,-10.622606,0.5118505,-2.2154589,1.0
1819,2.0383694,-1.864309,2.5761383,-52.520473,-0.5126537,-3.1724992,0.45603603,-2.064444,1.0
1820,1.8792152,-1.8899368,4.645662,-56.193058,-0.16437307,5.105343,0.45905462,-1.8832712,1.0
1821,1.6297052,-1.7564912,5.9257264,-53.93971,-0.13176407,12.18413,0.45672402,-1.6577556,1.0
1822,1.3363509,-1.2303909,6.153928,-50.327057,0.6140082,16.016563,0.4459841,-1.4157495,1.0
1823,1.0749584,-1.3352334,6.604446,-51.300007,0.6809348,17.51378,0.4157883,-1.252991,1.0
1824,0.96791184,-1.7548052,9.944799,-55.643852,0.4521788,17.675032,0.38991442,-1.0738264,1.0
1825,0.9277002,-1.155585,11.447958,-51.086815,0.7317792,16.859756,0.46754202,-0.8514768,1.0
1826,0.7775115,-1.3811196,8.98676,-51.641895,0.7031754,17.199598,0.40210173,-0.6718824,1.0
1827,0.56947565,-1.0184052,7.5304413,-49.285934,0.6677529,17.59818,0.49238393,-0.42856792,1.0
1828,0.38488352,-1.0866886,7.223877,-50.8315,0.82291436,17.493546,0.47151896,-0.3109054,1.0
1829,0.3622837,-1.22851,10.223544,-48.921257,0.33845535,15.998667,0.46627513,-0.1615797,1.0
1830,0.21556221,-1.3035231,4.6005945,-50.667397,0.14775884,12.205573,0.5068413,-0.13915898,1.0
1831,0.3881784,-1.2600529,9.043066,-48.84741,0.174251,6.548938,0.48206943,-0.21551292,1.0
1832,0.6340495,-1.3622481,7.905326,-43.475258,-0.4444329,0.13299082,0.44597998,-0.39687884,1.0
1833,0.7830404,-1.6086379,3.5573967,-45.610947,-0.6024897,-4.451355,0.42685482,-0.57914746,1.0
1834,0.87312746,-1.6470327,1.6008284,-49.177757,-0.5024969,-6.283941,0.46639735,-0.6468275,1.0
1835,0.92876834,-1.6037707,0.7203728,-48.17707,-0.4091487,-6.6824865,0.44609025,-0.7238322,1.0
1836,1.1171905,-1.6886706,4.1593466,-50.33251,-0.35176075,-7.0465355,0.44823068,-0.82927924,1.0
1837,1.3065323,-2.0813842,5.3581057,-55.208477,-0.5530294,-6.6702633,0.43787128,-0.8934546,1.0
1838,1.4359443,-1.6018174,5.897547,-50.8909,-0.2568915,-5.1997576,0.474191,-0.84508425,1.0
1839,1.3677516,-1.8289,2.653896,-55.45975,0.18430476,-2.72649,0.40642935,-0.8432103,1.0
1840,1.1799982,-1.9569184,1.1942532,-53.60972,-0.010612689,0.8428995,0.3572047,-0.7680794,1.0
1841,0.91763085,-1.5693588,0.5374139,-50.178562,0.4362576,4.7042336,0.3517429,-0.6500898,1.0
1842,0.76013744,-2.0188172,4.0770154,-58.396393,0.70317054,8.194427,0.30603656,-0.55492747,1.0
1843,0.4988881,-1.7089053,1.8346568,-52.32546,0.89430535,10.066131,0.26456234,-0.3958111,1.0
1844,0.38386872,-1.9309363,4.660774,-59.362488,1.1062206,10.212564,0.2871145,-0.29604146,1.0
1845,0.3166892,-1.7145422,5.583748,-59.271965,1.1384743,10.035186,0.35779002,-0.17584501,1.0
1846,0.15641744,-1.615904,2.5126865,-62.488422,1.5837891,9.375614,0.38010433,-0.09292816,1.0
1847,-0.022740474,-1.3010896,1.1307088,-60.678635,1.8904335,8.746046,0.40485284,0.049189422,1.0
1848,-0.16051765,-1.2005583,0.508819,-55.958218,1.6441324,7.7929044,0.39025518,0.021855235,1.0
1849,-0.121864,-1.1448246,3.7153678,-57.740047,1.614018,6.299428,0.45085645,0.033982333,1.0
1850,-0.11436407,-0.755889,1.6719155,-54.635853,1.9339535,3.7589302,0.47450152,0.03415727,1.0
1851,-0.8396786,-0.7615755,-20.169838,-50.637947,1.4388946,1.022612,0.47896767,0.003085459,1.0
1852,-1.5049591,-1.1514796,-24.417143,-51.439907,0.45306852,-1.0646396,0.52455264,-0.03913627,1.0
1853,-2.1238241,-0.9243148,-28.41971,-49.195038,0.80401367,-2.7647295,0.50143135,-0.074614435,1.0
1854,-2.337127,-1.7035651,-23.248068,-48.18485,-0.3532702,-5.2526765,0.4003529,-0.2774928,1.0
1855,-2.3158662,-1.1653796,-20.920828,-41.218494,-0.31268013,-8.618728,0.44966838,-0.5336987,1.0
1856,-2.19749,-1.5847223,-20.91991,-47.201157,-0.23796876,-12.60471,0.40404603,-0.6954027,1.0
1857,-1.927592,-1.7838324,-19.873156,-47.287598,-0.5316809,-17.402132,0.3848509,-1.0296421,1.0
1858,-1.3075291,-1.7199337,-12.42932,-47.326504,-0.3898863,-22.378975,0.38433948,-1.3486911,1.0
1859,-0.72861165,-2.147697,-12.565992,-53.855774,-0.48275974,-25.826818,0.37548772,-1.6238769,1.0
1860,-0.2030871,-1.8679028,-12.629398,-50.289288,-0.3098125,-27.909367,0.37605312,-1.9259443,1.0
1861,0.15227857,-1.9017648,-16.142426,-55.18903,0.1320334,-29.505194,0.38458803,-2.2731845,1.0
1862,0.6062002,-2.0968335,-11.099271,-53.487892,-0.2068668,-28.402891,0.33910748,-2.4258223,1.0
1863,1.1097188,-1.8683164,-4.994672,-50.11663,-0.12997158,-23.90898,0.3414251,-2.6107476,1.0
1864,1.304754,-1.7921354,-5.7340016,-55.111332,0.5094943,-15.513977,0.3570769,-2.6438456,1.0
1865,1.3056662,-1.4906174,-2.5803008,-57.358948,1.1261524,-4.224638,0.4034453,-2.3801825,1.0
1866,1.0820863,-1.4000841,-1.1611352,-61.627563,1.782945,7.4065733,0.4067571,-2.077636,1.0
1867,0.8534707,-1.1711287,2.9638886,-60.29125,2.0259748,15.385348,0.42062983,-1.7426991,1.0
1868,0.6309137,-0.78989685,4.8214183,-53.187622,1.9818532,19.587406,0.4250064,-1.5255973,1.0
1869,0.18367238,-0.57250345,-1.6666923,-52.595863,1.9616605,20.200363,0.49515766,-1.3067207,1.0
1870,-0.26075664,-0.58284456,-4.2364106,-43.20345,0.92553,19.28542,0.48453036,-1.1122702,1.0
1871,-0.7182064,-0.097805485,-9.576743,-48.094387,1.8970405,15.611651,0.5885151,-1.1427383,1.0
1872,-1.0130092,-0.07729764,-11.282332,-47.689556,2.0378058,9.963826,0.56371206,-1.1803854,1.0
1873,-0.8369397,-0.7724294,-5.0770493,-40.995613,-0.058358382,2.2755494,0.542861,-1.3537091,1.0
1874,-0.80724394,-0.5456751,-13.790209,-32.77444,-1.0438305,-6.46646,0.6324854,-1.5978967,1.0
1875,-0.4555577,-1.188036,-9.691993,-34.28381,-1.9815483,-13.700493,0.5929006,-1.8555604,1.0
1876,-0.33816332,-1.3943968,-18.306995,-28.451254,-2.8533869,-19.713566,0.5538842,-2.1325183,1.0
1877,0.2417001,-1.2933162,-8.238147,-25.826605,-2.8611479,-23.825352,0.539865,-2.4514506,1.0
1878,0.5399652,-2.4086654,-14.166364,-37.669052,-3.5313723,-25.21966,0.4878714,-2.7407691,1.0
1879,0.7251906,-2.6554887,-14.043687,-38.436398,-3.7428682,-21.799906,0.4505071,-2.8984125,1.0
1880,0.7443345,-1.7014678,-13.294995,-36.8388,-2.0031269,-14.215056,0.4622029,-2.9256315,1.0
1881,0.8270146,-3.2643578,-5.9827476,-42.62454,-3.7206852,-5.396381,0.30948392,-2.7907367,1.0
1882,0.83764666,-1.7273809,-2.6922364,-45.228123,-1.2013956,2.4438853,0.47988734,-2.6918924,1.0
1883,0.9346095,-0.81982696,2.6236725,-49.00549,0.94642985,6.794418,0.51076555,-2.5741644,1.0
1884,0.9291393,-1.2418327,1.1806526,-48.09955,0.39663845,7.720529,0.43558946,-2.5030477,1.0
1885,1.0400416,-0.5770748,4.017693,-47.69188,1.1661663,6.749806,0.534356,-2.4460595,1.0
1886,1.2108269,-0.5293386,5.643141,-42.95097,0.7504649,5.2507873,0.5296071,-2.4142222,1.0
1887,1.3711338,-0.83030975,6.0258126,-45.37502,-0.38611886,4.6862655,0.66543424,-2.4393613,1.0
1888,1.5211211,0.25839967,6.547946,-41.914833,0.9854644,4.2465568,0.7526793,-2.4276805,1.0
1889,1.7897991,-0.9784823,9.919374,-44.908756,-0.97792196,2.6173809,0.7050842,-2.4104831,1.0
1890,2.1252894,-0.96011066,12.134076,-34.535355,-1.9687325,0.42359588,0.67765945,-2.4371598,1.0
1891,2.4307597,-0.42879292,12.433132,-35.07622,-1.2822123,-1.221912,0.76146275,-2.4558144,1.0
1892,2.524044,-1.4928182,9.430088,-37.273926,-2.8993957,0.22685601,0.7005716,-2.4238896,1.0
1893,2.5570605,-1.1116389,11.216338,-29.796806,-3.195905,4.394806,0.7411717,-2.2780383,1.0
1894,2.467844,-0.87138176,12.02015,-32.943874,-2.5975518,9.279962,0.78657866,-1.9337304,1.0
1895,2.3030233,-1.6900885,13.079426,-36.31437,-3.2873883,15.0056305,0.676998,-1.795192,1.0
1896,2.068874,-1.3102447,12.858541,-29.365007,-3.1754968,18.649857,0.65699655,-1.6021658,1.0
1897,2.1223502,-1.6075805,21.127058,-34.703876,-2.956167,20.995201,0.6174227,-1.4658824,1.0
1898,2.0748084,-1.8401256,19.968275,-35.155605,-3.1617274,21.621832,0.5779734,-1.2014803,1.0
1899,1.9034883,-1.7849519,16.656082,-37.30965,-2.668252,20.952312,0.5552539,-0.9815126,1.0
1900,1.8150507,-1.868964,17.954433,-36.324654,-2.4741063,19.659832,0.47191933,-0.7518358,1.0
1901,1.7582376,-2.3282216,18.538692,-42.393173,-2.4223235,18.611555,0.41744313,-0.5107068,1.0
1902,1.6419106,-2.4863355,16.01277,-47.729763,-1.7097223,17.206087,0.3429528,-0.435843,1.0
1903,1.6144426,-2.0796254,17.664944,-47.52547,-1.2619742,15.984533,0.40825894,-0.26191574,1.0
1904,1.5238097,-2.2771182,15.619582,-50.039295,-0.9776096,15.226225,0.33766603,-0.17796041,1.0
1905,1.4008877,-2.1651547,14.001611,-55.07653,-0.48399186,14.26061,0.39248303,-0.06869104,1.0
1906,1.3974236,-2.1237683,16.759922,-57.343285,-0.14540948,13.754693,0.39376956,0.07726718,1.0
1907,1.1858232,-2.2048845,11.378296,-61.631264,-0.18798855,13.617556,0.45674378,0.20818432,1.0
1908,1.0443504,-2.0683131,12.093031,-66.80469,0.5211354,13.054576,0.48587346,0.32919887,1.0
1909,0.9756545,-1.9231459,13.112222,-65.87814,0.43976283,12.069895,0.5339632,0.45733574,1.0
1910,0.77515954,-2.1060672,9.386899,-68.71579,0.15748371,11.931633,0.57291895,0.57717943,1.0
1911,0.8573571,-1.8386614,15.729641,-66.738144,0.60369104,11.313657,0.55312353,0.61890465,1.0
1912,0.46664298,-1.8898581,3.2431595,-65.8482,0.4180197,10.738365,0.5491562,0.72551936,1.0
1913,0.24239984,-2.134317,4.945821,-68.70231,0.24192029,9.723965,0.547896,0.7656862,1.0
1914,0.00688237,-2.3936749,2.2256193,-73.89529,0.3337515,7.8223543,0.5413069,0.78716195,1.0
1915,-0.15310423,-2.4783957,1.0015287,-72.3235,0.13826616,5.4080462,0.51347643,0.6563934,1.0
1916,-0.4877281,-2.7166452,-7.21967,-75.524826,0.1963733,2.1888137,0.48096868,0.49410826,1.0
1917,-0.6477069,-2.3416972,-6.735885,-73.063896,0.61248547,-1.336971,0.49568632,0.42542323,1.0
1918,-0.0075854687,-3.086385,12.309567,-83.02121,0.46174747,-4.276493,0.45026374,0.3155697,1.0
1919,0.43109792,-2.805203,9.025704,-76.43017,0.3569014,-6.641176,0.4394667,0.19341531,1.0
1920,0.623604,-2.7736144,4.061567,-84.53603,1.1808779,-8.29341,0.46902007,0.19131139,1.0
1921,0.72485626,-2.691969,1.8277051,-83.62361,1.2636905,-9.064881,0.46614873,0.052014194,1.0
1922,0.92274624,-3.0065572,4.657646,-87.77308,1.2367643,-9.171921,0.4394751,-0.065607294,1.0
1923,0.983793,-2.9516015,2.0959406,-91.59205,1.6560245,-8.606723,0.46245492,-0.16387406,1.0
1924,1.0773957,-2.8305323,4.4295726,-93.310585,1.9595845,-6.518127,0.4876338,-0.19899257,1.0
1925,0.99011385,-2.6073503,1.9933077,-92.13222,2.1537094,-3.5694938,0.5111908,-0.11152815,1.0
1926,0.82885206,-2.7095551,0.89698845,-93.56788,2.0784547,-0.8213118,0.5156628,-0.1244635,1.0
1927,0.6303312,-2.9017437,0.40364477,-92.24801,1.9614184,1.283023,0.4403616,-0.020015486,1.0
1928,0.43476513,-3.064266,0.18164015,-100.11752,2.1559353,2.4913666,0.5038418,0.05619907,1.0
1929,0.25183403,-3.010426,0.08173806,-102.35854,2.376764,3.5728707,0.5294164,0.106404,1.0
1930,0.083087586,-3.2247963,0.036782127,-104.65129,2.2348983,4.169481,0.5219496,0.21414006,1.0
1931,-0.20262304,-2.7091095,-3.8193946,-97.245575,2.4003866,4.4974284,0.53276014,0.28610626,1.0
1932,-0.60109663,-2.935799,-8.691526,-102.36643,2.5193155,4.5166197,0.53179,0.29636323,1.0
1933,-1.1028833,-2.904391,-14.370384,-104.67082,2.7938406,3.7954867,0.541297,0.3236736,1.0
1934,-1.1994761,-3.5151808,-6.466673,-111.57074,2.6591074,3.536675,0.48079896,0.33137318,1.0
1935,-1.2732937,-3.030804,-6.3964024,-108.81276,2.7672691,3.2769754,0.58223087,0.3868257,1.0
1936,-1.0640255,-2.469303,0.6086526,-107.58232,3.3471627,2.0210948,0.6602274,0.48744994,1.0
1937,-0.99777406,-2.70119,-3.5612853,-112.88091,3.289807,0.05331197,0.69145685,0.36501065,1.0
1938,-0.7993545,-2.5724306,-1.6025783,-109.40234,3.328798,-2.6540039,0.6624005,0.1996264,1.0
1939,-1.1628172,-2.4364386,-18.153158,-107.83698,3.2334569,-5.9840536,0.6970819,0.08359107,1.0
1940,-1.5959564,-2.6400928,-23.509636,-105.8323,2.7207267,-7.366908,0.6725635,-0.017147722,1.0
1941,-1.4420013,-2.6738646,-10.579336,-106.23046,2.501561,-7.866173,0.7061002,-0.09258745,1.0
1942,-1.4672927,-2.510948,-15.219898,-106.40964,2.23438,-8.048771,0.8146055,-0.24976802,1.0
1943,-1.4323217,-2.8927007,-13.8217535,-106.490265,1.7007885,-7.884104,0.7706938,-0.3056869,1.0
1944,-1.5059795,-2.3322685,-16.678988,-100.01478,1.985574,-7.585603,0.7954661,-0.37463138,1.0
1945,-1.4751137,-2.5250225,-14.47961,-103.62324,1.8648304,-7.5340767,0.81821996,-0.44520634,1.0
1946,-1.5599419,-2.6269155,-18.02136,-103.93612,1.7185764,-7.736959,0.81295115,-0.5651949,1.0
1947,-1.8630296,-2.215612,-25.541609,-98.86542,1.8589453,-8.722208,0.83672863,-0.67815137,1.0
1948,-1.9330474,-2.473138,-21.95292,-103.09536,1.935121,-10.061732,0.8144177,-0.7290831,1.0
1949,-1.9882936,-2.42714,-23.824411,-98.487076,1.3589326,-11.767503,0.83941203,-0.9758091,1.0
1950,-1.7285348,-2.3052611,-17.693783,-96.413345,1.5321238,-14.225089,0.812476,-1.211673,1.0
1951,-1.5977025,-2.8273435,-21.907799,-101.99193,1.0177995,-16.782288,0.823558,-1.452349,1.0
1952,-1.5400923,-2.6575015,-25.199224,-96.038826,0.9210527,-18.552397,0.78378844,-1.7614894,1.0
1953,-1.4302088,-2.5016117,-25.28525,-95.31164,1.0064003,-19.574429,0.81093436,-2.1320634,1.0
1954,-1.4280369,-3.2644467,-28.815115,-101.51216,0.35237432,-20.134298,0.77155906,-2.394509,1.0
1955,-1.3157872,-3.3098469,-26.9124,-104.2864,0.50668836,-20.690956,0.7834604,-2.6300435,1.0
1956,-1.0402553,-2.7631187,-22.569777,-99.02305,1.1375221,-21.347034,0.7675185,-2.772633,1.0
1957,-0.75195897,-3.284368,-20.615597,-109.67806,1.2514231,-21.304062,0.7707409,-2.8184938,1.0
1958,-0.34225783,-2.5364633,-16.249817,-101.449295,1.7453941,-21.365078,0.79231447,-3.0359898,1.0
1959,0.45668343,-2.3567297,-3.4772387,-102.95785,2.14246,-21.076168,0.8184121,-3.2407455,1.0
1960,0.70920074,-2.3944318,-12.023955,-104.93695,2.4142077,-18.457306,0.7970266,-3.2332435,1.0
1961,1.030959,-1.6430882,-5.4107795,-99.315796,2.976933,-13.212825,0.8594004,-3.1888254,1.0
1962,1.2157733,-1.6106553,-2.434851,-96.78627,2.639327,-5.236126,0.8791492,-3.1206088,1.0
1963,1.2044756,-1.641941,-1.0956829,-89.14866,1.4441196,2.9001777,0.92296004,-2.8352804,1.0
1964,1.0646765,-1.3189113,-0.49305728,-90.25935,1.9527065,9.482285,0.97338766,-2.6880724,1.0
1965,0.9877208,-1.823152,3.2645237,-86.199104,0.92224205,13.279552,0.8890514,-2.4715292,1.0
1966,0.8283614,-2.2631185,1.4690356,-88.93205,0.14825009,14.443004,0.9181394,-2.3836625,1.0
1967,0.7924926,-1.9550909,4.147465,-85.60182,0.42035696,13.935273,0.9163026,-2.2264698,1.0
1968,0.681032,-1.889099,1.8663595,-81.50007,0.20639168,12.956225,0.8959062,-2.062545,1.0
1969,0.6897515,-1.9138099,4.326261,-75.74565,-0.11881521,11.974996,0.8292936,-1.9512897,1.0
1970,0.7389423,-1.6245524,5.7819963,-77.06479,0.071913496,11.543897,0.92678434,-1.8038043,1.0
1971,0.7890331,-1.6414357,6.0882974,-73.74978,-0.26970682,10.821926,0.9141217,-1.6980639,1.0
1972,0.7339543,-1.61351,2.739734,-72.258026,-0.35540885,9.017042,0.9095306,-1.6266724,1.0
1973,0.95631605,-1.6087072,8.904773,-75.50396,-0.11929635,7.0463834,0.9347588,-1.6386267,1.0
1974,1.1295036,-1.8660141,7.4935474,-73.0474,-1.0340371,4.5818887,0.9514634,-1.6590307,1.0
1975,1.3175119,-1.7434307,7.207275,-68.68737,-1.2069196,1.5636469,0.93935025,-1.6852703,1.0
1976,1.5038702,-1.8630089,6.729673,-69.979935,-1.2492687,-1.1244631,0.92921233,-1.7158991,1.0
1977,1.6841264,-2.1332629,6.8635316,-67.30701,-1.7594467,-2.390997,0.8670274,-1.7617009,1.0
1978,1.9285824,-2.160489,10.061388,-69.35877,-1.3432536,-2.0006738,0.8259041,-1.7430304,1.0
1979,2.0643528,-1.8426906,11.500423,-70.282074,-1.1352015,1.7664537,0.9227535,-1.5240757,1.0
1980,1.9303404,-1.7755786,8.66159,-70.697556,-0.81635773,7.709565,0.8999317,-1.4075356,1.0
1981,1.788226,-1.7001925,11.568072,-74.79315,-0.36728597,12.997403,0.9304155,-1.1252451,1.0
1982,1.477703,-1.5381871,8.692984,-66.22465,-0.59484303,16.307741,0.8584554,-0.8966492,1.0
1983,1.2905692,-1.7023009,11.5822,-65.61713,-1.0041859,17.682352,0.8578846,-0.70837516,1.0
1984,1.0143538,-1.8870018,8.698389,-68.59833,-1.0557729,18.079771,0.8591548,-0.55797815,1.0
1985,0.88473356,-1.4256986,11.584633,-59.52208,-1.1406596,18.219185,0.8605272,-0.41644013,1.0
1986,0.68659097,-1.691924,8.699484,-65.85556,-0.9035556,17.465073,0.84890616,-0.34620917,1.0
1987,0.46972415,-2.15471,7.4011674,-68.70562,-0.9751113,17.418804,0.7507376,-0.20674913,1.0
1988,0.13689826,-1.8970202,3.330525,-59.57036,-1.376556,17.239313,0.732216,-0.037329365,1.0
1989,-0.15465587,-2.2509956,1.4987363,-65.87729,-1.1098466,15.423071,0.68331975,0.005215728,1.0
1990,-0.60000074,-2.7219226,-6.9959264,-72.62402,-1.1716315,11.158801,0.6577869,0.0027952385,1.0
1991,-1.2829959,-2.2936954,-20.580164,-71.751434,-0.9209572,4.6021385,0.75184846,-0.14380988,1.0
1992,-1.8362572,-1.6236094,-26.696241,-71.365875,0.19956756,-3.5859141,0.79251915,-0.36373216,1.0
1993,-1.8272139,-2.032502,-19.683666,-75.093895,-0.017245514,-11.073497,0.7564628,-0.5927531,1.0
1994,-1.5164256,-1.4181658,-15.830448,-66.3511,0.21273942,-17.339998,0.7654583,-0.8782231,1.0
1995,-0.83569443,-1.8382461,-7.1237016,-68.92861,-0.031963833,-22.115814,0.70739317,-1.100286,1.0
1996,-0.7110632,-1.8966857,-20.637663,-63.57672,-0.61003274,-24.752434,0.6804214,-1.3735229,1.0
1997,-0.52035296,-1.7102057,-19.746145,-67.680145,-0.22783206,-26.249056,0.7629326,-1.6206539,1.0
1998,-0.44538188,-1.9335868,-22.831364,-69.52669,-0.09102415,-26.562977,0.6953148,-1.8781714,1.0
1999,-0.0622428,-2.2639844,-14.109292,-67.10304,-0.90447724,-25.51351,0.6686961,-2.1177602,1.0
2000,0.34333518,-2.213111,-9.835581,-69.26699,-0.69032204,-22.486317,0.69281816,-2.249146,1.0
2001,0.6103454,-2.252643,-7.9130445,-70.24787,-0.503962,-17.045282,0.66564286,-2.2126954,1.0
2002,0.7023527,-2.5440671,-7.0472693,-77.19393,-0.45920935,-10.187093,0.69009894,-2.1682408,1.0
2003,0.78668743,-2.0270386,-3.171271,-73.80789,0.4898179,-4.2370353,0.64542466,-2.1225314,1.0
2004,0.82532144,-2.2844267,-1.4270719,-76.1928,0.2477357,-0.14464469,0.64150137,-2.0737257,1.0
2005,0.9457768,-1.9917687,2.844217,-73.35738,0.3632399,2.103287,0.6709063,-1.9321713,1.0
2006,0.95273477,-1.8450456,1.2798977,-78.593216,1.0372951,3.1252742,0.7109767,-1.8661263,1.0
2007,0.9236171,-1.5679165,0.5759539,-71.18298,0.9958575,3.428334,0.67141527,-1.8441418,1.0
2008,1.0162222,-1.3371674,3.7455788,-71.10297,1.0916615,3.2063262,0.73650587,-1.8114694,1.0
2009,1.1574706,-1.60898,5.520689,-74.975586,0.93878144,2.7930224,0.74154437,-1.7893409,1.0
2010,1.301758,-1.5964407,5.9716606,-66.30675,-0.27802742,1.9973584,0.78475577,-1.8112423,1.0
2011,1.4830687,-0.9154437,6.522426,-65.65407,0.63222224,0.43128222,0.8602599,-1.9525774,1.0
2012,1.7482537,-1.792473,9.907891,-68.61495,-0.23282968,-0.26213703,0.7520099,-1.8646446,1.0
2013,1.867983,-2.236213,8.29373,-66.692764,-1.314959,1.2316657,0.74085855,-1.8959173,1.0
2014,1.8719634,-1.6045307,7.2185774,-62.57059,-0.53565717,3.2237928,0.75241405,-1.826835,1.0
2015,1.8847129,-2.1884959,10.221159,-67.22739,-1.3896012,6.819968,0.7813776,-1.6262466,1.0
2016,1.7372458,-2.6369178,8.4347,-73.231575,-1.3088943,10.512446,0.72442126,-1.4905889,1.0
2017,1.647224,-2.2837682,10.768414,-72.02483,-0.55633396,12.703907,0.6978048,-1.3650306,1.0
2018,1.4390951,-2.4078374,8.680964,-68.22721,-1.1174221,14.696289,0.6747601,-1.1898383,1.0
2019,1.4759918,-2.4451792,14.365631,-69.772865,-1.059074,14.762051,0.681775,-1.1351215,1.0
2020,1.497772,-1.8358486,13.4386015,-70.47552,0.16379437,12.764765,0.70423293,-1.0284384,1.0
2021,1.4023015,-2.1723769,9.882548,-67.53002,-0.2794585,11.344674,0.60117435,-0.93211174,1.0
2022,1.4018133,-2.1287382,11.419947,-69.45913,-0.018199477,9.938561,0.60998327,-0.84580684,1.0
2023,1.4613575,-2.12859,12.809334,-74.235855,0.469295,8.96428,0.6203748,-0.76665103,1.0
2024,1.4872193,-1.8378522,12.736999,-72.47676,0.24411659,9.015568,0.7293248,-0.6393987,1.0
2025,1.3763242,-1.4898223,9.566828,-75.59379,0.96324205,9.181188,0.79229873,-0.5409212,1.0
2026,1.32707,-1.1972736,11.277871,-73.08783,1.022491,9.455305,0.8379536,-0.3850255,1.0
2027,1.1889132,-1.0918558,8.910221,-68.70556,0.8039851,9.888245,0.82697666,-0.34127417,1.0
2028,1.1467412,-0.8120233,10.982398,-63.476345,0.57736355,9.470151,0.8635534,-0.19273122,1.0
2029,1.1672738,-1.3393612,12.614739,-64.39114,-0.3736129,9.440493,0.8557531,-0.14118746,1.0
2030,1.0411707,-1.0272754,9.163032,-61.53486,-0.09461119,9.584553,0.8635757,-0.032272037,1.0
2031,0.9102594,-1.9799621,7.9585433,-63.50672,-1.2822193,8.965388,0.7641793,-0.011794621,1.0
2032,1.0310374,-1.9854761,14.040542,-54.625107,-1.9551349,8.691879,0.70264894,0.019398225,1.0
2033,0.96503913,-2.2462084,9.804644,-57.140144,-1.9865283,8.495136,0.6638243,0.09536479,1.0
2034,0.8521969,-3.4456525,8.247268,-68.692314,-2.8228328,8.469022,0.60433614,0.14254133,1.0
2035,0.58926207,-2.9250069,3.7112706,-69.98216,-1.7878307,8.538781,0.63882554,0.22209558,1.0
2036,0.2864711,-2.2405243,1.6700717,-67.308014,-0.69913137,9.173402,0.64464086,0.32434222,1.0
2037,0.38741916,-2.4587958,11.21073,-62.84745,-2.1322527,9.218289,0.7251947,0.40212986,1.0
2038,0.2549372,-1.9041607,5.0448284,-71.260605,-0.2784974,8.914946,0.7715093,0.34993017,1.0
2039,0.17917234,-2.2942805,5.757206,-77.65796,0.3890099,8.696721,0.64208215,0.37949637,1.0
2040,0.4258363,-2.4190953,14.096279,-77.92533,0.0743569,8.240563,0.656712,0.4268114,1.0
2041,0.63964784,-1.9091531,13.316125,-74.13702,1.0081928,5.8140645,0.60440433,0.40789717,1.0
2042,0.6158641,-3.0315428,5.9922557,-83.50412,0.1360127,2.5109453,0.53578734,0.33603302,1.0
2043,0.55970925,-2.5298572,2.696515,-80.5561,0.55096793,-0.19608161,0.5867898,0.13099718,1.0
2044,0.66234,-2.1099458,4.699831,-81.832634,1.7226888,-3.1156664,0.5611508,0.022323653,1.0
2045,0.6692158,-2.7753916,2.114924,-79.80393,0.8032485,-3.8357365,0.43986857,-0.029295262,1.0
2046,0.88863415,-2.0422122,7.9245143,-81.49417,1.4858806,-3.8189342,0.61982614,-0.06125241,1.0
2047,1.0359883,-1.8220907,7.40121,-86.814835,2.3712234,-3.4871118,0.6515751,-0.09090306,1.0
2048,0.97300875,-1.8629671,3.3305447,-84.661514,2.008437,-2.3867621,0.6568735,-0.037651677,1.0
2049,0.97660786,-1.2734095,4.9851446,-77.1683,2.078374,-1.825151,0.709105,-0.066297695,1.0
2050,0.9861636,-1.5565451,6.078494,-77.70499,1.5213308,-0.34252897,0.7138027,-0.045830883,1.0
2051,0.92063594,-1.5538211,6.221721,-74.037865,0.34582818,2.461578,0.8452134,0.11733109,1.0
2052,0.7913131,-1.1280649,6.6349535,-76.29629,1.3605084,6.201985,0.8680469,0.25413978,1.0
2053,0.47596437,-1.935449,2.985729,-73.40395,-0.02766286,9.138147,0.7593275,0.43833053,1.0
2054,0.11413128,-2.1145594,1.343578,-68.84782,-1.344768,11.007671,0.83202785,0.6021855,1.0
2055,0.14598615,-2.310911,11.0638075,-76.56391,-1.0999074,12.111524,0.8715437,0.7459313,1.0
2056,-0.22220111,-2.419877,1.1435347,-70.2698,-1.854263,12.884334,0.83798283,0.8845634,1.0
2057,-0.9328206,-2.878924,-9.944608,-77.203804,-1.9962255,13.362681,0.83415043,1.0045068,1.0
2058,-1.74059,-2.3510275,-15.982912,-77.72956,-0.6355564,14.311828,0.7997933,1.1732444,1.0
2059,-2.1664188,-2.1852536,-10.678709,-74.04892,-0.7609574,13.898856,0.80834866,1.1985083,1.0
2060,-1.9582604,-1.6254686,2.1673796,-72.39264,-0.1535702,10.50136,0.8725827,1.1801436,1.0
2061,-2.1041772,-1.7810571,-10.530216,-75.55594,0.21545716,3.5586414,0.8155509,1.0871278,1.0
2062,-2.0652483,-1.6847209,-11.711396,-73.07079,0.09489833,-4.4450974,0.82217515,0.8436777,1.0
2063,-2.1046336,-1.2595048,-19.215725,-71.95248,0.7191976,-12.446037,0.8458085,0.53734356,1.0
2064,-1.9143627,-1.7843328,-16.317434,-68.19465,-0.2763224,-16.387136,0.75425464,0.2617636,1.0
2065,-1.7999526,-2.217586,-17.802044,-69.75822,-0.9698409,-16.80531,0.7487893,0.16169259,1.0
2066,-1.8633761,-1.7592018,-21.956516,-70.46182,-0.093148105,-15.736806,0.77657235,0.002741839,1.0
2067,-2.0451818,-2.7169142,-25.225754,-74.69997,-1.100417,-14.785419,0.68902755,-0.0347626,1.0
2068,-2.1677258,-2.572386,-25.297186,-72.68561,-1.3061839,-14.398296,0.73683006,-0.25306544,1.0
2069,-2.2156568,-2.6334815,-25.32933,-78.29092,-0.78654855,-15.533959,0.735994,-0.4442447,1.0
2070,-2.0655296,-2.7570271,-21.857397,-80.81331,-0.7071695,-17.207893,0.72769547,-0.65630263,1.0
2071,-2.1023872,-2.8309035,-27.267826,-75.43661,-0.84324306,-17.968546,0.6181916,-0.8716504,1.0
2072,-1.9402927,-2.8300908,-22.72972,-79.52887,-0.2973745,-18.130558,0.6051756,-1.049499,1.0
2073,-1.763704,-2.6214626,-21.73391,-78.767235,0.030845778,-17.800371,0.60865355,-1.2219801,1.0
2074,-1.6722441,-3.0461063,-23.725857,-87.53943,0.46931824,-17.773808,0.5533854,-1.4386103,1.0
2075,-1.7356998,-2.6204944,-28.108631,-84.975136,0.9388052,-17.633005,0.57505095,-1.6523051,1.0
2076,-1.4413327,-2.787647,-19.623585,-90.34719,1.1253947,-18.09384,0.58886033,-1.8596883,1.0
2077,-1.2863095,-2.6795294,-22.77621,-92.7504,1.3408326,-18.791014,0.6382603,-2.0764394,1.0
2078,-0.97175294,-2.5235639,-17.919653,-91.88014,1.7408423,-18.929535,0.6081936,-2.2032018,1.0
2079,-0.70986974,-3.1692786,-18.52304,-93.44023,1.3788222,-19.20433,0.46876457,-2.4788213,1.0
2080,-0.24097839,-2.8105648,-11.821768,-94.142265,1.6945561,-19.234375,0.5575148,-2.662478,1.0
2081,0.1119085,-3.3970811,-12.290692,-100.95396,2.063788,-18.051844,0.41700658,-2.9129288,1.0
2082,0.40007123,-2.9774132,-9.366757,-95.58178,2.103396,-14.024673,0.45510435,-2.8513792,1.0
2083,0.6807081,-2.8684034,-4.2150407,-101.61773,2.7768538,-7.8181686,0.49736938,-2.837043,1.0
2084,0.6716733,-2.6396017,-5.3831677,-104.3339,3.343679,-0.60807496,0.53552085,-2.5539985,1.0
2085,0.47156364,-2.6142778,-5.908825,-105.556175,3.4261112,6.35757,0.554391,-2.3028185,1.0
2086,0.29716176,-2.2828398,-2.658971,-104.817406,3.7315407,11.689073,0.60635954,-2.0759661,1.0
2087,0.24818493,-2.1531384,2.2898624,-105.77376,3.8477666,14.875092,0.6518656,-1.8524606,1.0
2088,0.13914818,-1.8799275,1.0304381,-99.64975,3.7703404,15.148578,0.64255625,-1.6965148,1.0
2089,0.014556451,-1.5671374,0.46369714,-95.02501,3.2474675,15.237367,0.75416285,-1.5555401,1.0
2090,-0.112678275,-1.705489,0.20866369,-94.855415,2.5247562,15.3436,0.8257514,-1.4023526,1.0
2091,-0.23369761,-1.4837536,0.093898654,-92.8274,2.5895553,15.298946,0.85437626,-1.2499886,1.0
2092,-0.0629261,-1.5146999,7.0150533,-87.35472,1.8713312,13.835021,0.85900164,-1.1238507,1.0
2093,0.24364924,-1.810775,10.129573,-84.89201,0.79930335,11.097663,0.88877636,-1.1735082,1.0
2094,0.35892567,-2.3375673,4.5583076,-81.18066,0.14069293,7.2883096,0.7392395,-1.1969317,1.0
2095,0.4040004,-2.659451,2.0512383,-82.12614,-0.32214683,4.4461846,0.72190785,-1.112403,1.0
2096,0.42873213,-2.5428948,0.92305726,-79.93601,-0.09562741,2.775224,0.6815127,-1.0876793,1.0
2097,0.4500702,-2.8602462,0.41537574,-81.553604,-0.19978876,1.5206312,0.61709577,-1.049803,1.0
2098,0.46697113,-3.1044662,0.18691908,-86.84158,-0.14508167,0.84094095,0.62423897,-1.0101368,1.0
2099,0.4839459,-2.4277377,0.08411358,-91.17287,1.4925524,0.4679029,0.6711243,-1.0107143,1.0
2100,0.47005653,-2.2136595,0.037851114,-86.61019,1.1841797,0.86808574,0.71129304,-0.877539,1.0
2101,0.45031115,-1.7120659,0.017033,-81.953835,1.5616182,1.1908346,0.7348268,-0.86424434,1.0
2102,0.44194162,-1.7205759,0.0076648495,-88.97338,2.1701586,0.7709335,0.765563,-0.85383505,1.0
2103,0.40615743,-1.5598304,0.0034491823,-83.01727,1.7709912,1.9484489,0.77458405,-0.8133387,1.0
2104,0.36895084,-0.96655804,0.0015521317,-76.4284,1.8931688,2.8757985,0.83702564,-0.88569766,1.0
2105,0.29219568,-1.0808312,6.9845974E-4,-70.21598,0.88174933,4.527066,0.84754,-0.77373266,1.0
2106,0.1547309,-1.5136346,3.143066E-4,-77.17958,0.72351265,7.530352,0.8565023,-0.64076346,1.0
2107,0.021855088,-1.2358705,1.4143756E-4,-70.54685,0.5682154,8.29817,0.852203,-0.5536785,1.0
2108,-0.08821601,-1.265906,6.364704E-5,-64.30493,0.049998254,8.235489,0.80734754,-0.48493117,1.0
2109,-0.18624116,-2.060144,2.8641216E-5,-64.75326,-1.3726362,8.161814,0.77553236,-0.37144747,1.0
2110,-0.28554672,-1.5532626,1.288869E-5,-61.69781,-0.966611,8.564127,0.82770634,-0.25108188,1.0
2111,-0.1196567,-1.7761701,7.6703634,-63.58005,-0.9889411,9.684138,0.78836226,-0.15462908,1.0
2112,-0.176734,-2.3606606,3.4516635,-67.68165,-1.5925231,10.905246,0.76298857,-0.09691888,1.0
2113,-0.32225785,-2.1484032,1.5532485,-63.015587,-1.7648662,11.32536,0.77694494,0.09099634,1.0
2114,-0.358898,-2.1981187,4.535292,-64.1838,-1.6478888,12.084525,0.76187974,0.22224195,1.0
2115,-0.50141484,-2.121248,2.0408814,-67.95333,-0.90165263,12.649133,0.7352625,0.3188694,1.0
2116,-0.6553907,-2.2389133,0.9183966,-69.64962,-0.8176265,12.26659,0.7118754,0.40574348,1.0
2117,-0.7725515,-2.2448735,0.41327846,-67.15836,-1.0029396,10.903354,0.692459,0.46666884,1.0
2118,-0.85968477,-1.8610941,0.18597531,-69.291885,-0.07828253,9.642317,0.713375,0.57680404,1.0
2119,-0.9270756,-1.450757,0.08368888,-66.99738,0.45955107,8.954736,0.7230482,0.65805906,1.0
2120,-0.95812386,-1.5438567,0.037659995,-69.219444,0.6698372,7.646099,0.6971469,0.6893242,1.0
2121,-1.2477725,-1.6504836,-7.653411,-66.96478,0.5419265,6.929094,0.63618946,0.7035594,1.0
2122,-1.5974681,-1.4170523,-10.416834,-62.693,0.50257564,7.593684,0.64259267,0.8022761,1.0
2123,-1.8131312,-1.2644019,-8.173974,-60.7707,0.67478126,8.249907,0.62979794,0.9093406,1.0
2124,-2.0892467,-1.4419255,-11.350182,-63.170017,0.61192256,7.9037066,0.6241155,0.92351586,1.0
2125,-2.2855783,-2.263663,-12.08038,-67.49713,-0.25370812,5.46706,0.5629772,0.97401816,1.0
2126,-2.5158358,-1.6271844,-16.941708,-59.02654,-0.19584732,1.3525143,0.61501235,0.8696733,1.0
2127,-2.4762886,-1.9097639,-14.596567,-65.63257,0.011800247,-4.0848246,0.60811013,0.70208794,1.0
2128,-2.5406675,-2.2132366,-20.514053,-68.60528,-0.43735862,-8.677918,0.63524866,0.5011183,1.0
2129,-2.645998,-2.0896025,-24.572039,-66.688416,-0.2874582,-11.934546,0.6161091,0.30732903,1.0
2130,-2.419426,-2.0561163,-18.030216,-69.08041,0.028597862,-13.966846,0.62098,0.0775983,1.0
2131,-2.215307,-1.6067623,-18.572796,-63.645027,0.4038829,-15.2570715,0.6106998,-0.09895817,1.0
2132,-1.8738409,-1.9196627,-15.330557,-67.710884,0.43381673,-17.311531,0.5732225,-0.29171565,1.0
2133,-1.8189226,-1.7859424,-22.242535,-66.293106,0.3215983,-18.658491,0.6128606,-0.40337548,1.0
2134,-1.9084412,-1.3973577,-27.441137,-62.390743,0.6175207,-19.904718,0.6247142,-0.6437206,1.0
2135,-1.8850808,-1.2025689,-26.29411,-60.63468,0.7832013,-20.958954,0.6316261,-0.8719875,1.0
2136,-1.8303721,-1.3118155,-25.777946,-59.844456,0.4711384,-20.490551,0.6304995,-1.0855849,1.0
2137,-1.7030704,-1.3630955,-23.105612,-55.582836,-0.045305762,-18.947853,0.61684877,-1.2387308,1.0
2138,-1.6590438,-1.5552093,-24.343122,-57.57112,0.0531621,-17.369581,0.5698727,-1.4153004,1.0
2139,-1.5288923,-1.6900804,-21.413603,-58.465855,0.25469232,-15.906588,0.5040819,-1.569681,1.0
2140,-1.6298139,-2.0077534,-27.06812,-58.86848,-0.23176588,-14.855791,0.48151773,-1.7620571,1.0
2141,-1.5480211,-2.1215167,-22.63985,-59.049664,-0.3797129,-13.884137,0.46960053,-1.9100443,1.0
2142,-1.4770856,-2.4315338,-21.696924,-62.399136,-0.5161745,-12.133869,0.44761235,-1.982393,1.0
2143,-1.5259852,-2.5660064,-23.709211,-67.15023,-0.1825804,-10.554817,0.4354735,-1.9930682,1.0
2144,-1.4881668,-2.2388792,-21.128342,-69.28823,1.1266023,-9.000646,0.3695406,-2.0994987,1.0
2145,-1.4504081,-2.5840993,-19.966951,-70.25033,0.82292,-6.967403,0.3164814,-2.1608877,1.0
2146,-1.5323083,-1.9483001,-22.930725,-64.17149,1.3763554,-5.989372,0.32985684,-2.2864013,1.0
2147,-1.5685998,-1.7047228,-21.824364,-71.85642,2.1957257,-5.259409,0.4282253,-2.2994044,1.0
2148,-1.3850913,-1.7024684,-16.793762,-71.40601,2.099098,-6.023155,0.43683732,-2.406657,1.0
2149,-1.2603238,-1.1719617,-18.01639,-71.20333,2.7537756,-6.656901,0.5111016,-2.5199308,1.0
2150,-1.1653442,-0.6589587,-18.566572,-64.60034,2.8513212,-6.830173,0.54861337,-2.6373796,1.0
2151,-1.1130483,-1.4730967,-18.817009,-61.637886,1.0628673,-6.453818,0.5053231,-2.604504,1.0
2152,-0.9800492,-1.3163595,-16.138012,-63.553085,1.099616,-6.1311255,0.5934072,-2.6218548,1.0
2153,-0.90638447,-0.55875546,-17.721302,-61.157738,2.1702678,-6.940917,0.6343139,-2.7144136,1.0
2154,-0.8186462,-1.2873486,-18.433784,-60.07983,1.0103644,-9.079763,0.5506596,-2.816795,1.0
2155,-0.8650117,-1.437767,-22.2408,-53.083004,-0.6773864,-10.027043,0.64956385,-2.8518333,1.0
2156,-0.58162886,-0.98006076,-13.843538,-59.70339,0.60552037,-10.264936,0.72403103,-2.9316034,1.0
2157,-0.61693704,-1.2068435,-20.175188,-52.913605,-0.22029428,-9.402345,0.6505251,-2.8766093,1.0
2158,-0.67619056,-1.1168847,-19.538033,-49.858204,-0.4440126,-6.537969,0.6610673,-2.901364,1.0
2159,-0.6495502,-0.85913604,-15.764914,-48.483273,-0.024683265,-3.4581127,0.6542724,-2.8889651,1.0
2160,-0.75368303,-1.1121011,-17.553408,-41.352787,-1.0962943,-1.0989356,0.60697794,-2.7964287,1.0
2161,-0.36856827,-0.7980063,-4.412,-44.660572,-0.41902956,-0.17688207,0.6686757,-2.8616462,1.0
2162,-0.5149805,-1.1770631,-17.326115,-41.58688,-1.1425921,-1.3017677,0.5962089,-2.8711426,1.0
2163,-0.25629732,-1.5293573,-7.7967515,-38.249405,-2.0326405,-2.5368013,0.5568726,-2.8825068,1.0
2164,0.12063281,-1.276103,-3.5085382,-43.259315,-1.0000118,-3.2756004,0.5690015,-2.937808,1.0
2165,0.45811668,-1.6504169,-1.578842,-45.513775,-1.2024242,-2.407514,0.51357985,-2.8956451,1.0
2166,0.9782012,-1.7578635,6.26232,-46.52828,-1.5548419,-0.76924634,0.5557647,-2.9672768,1.0
2167,1.0772338,-1.1146585,-1.017135,-42.42735,-0.7180322,0.9112388,0.56200874,-2.933515,1.0
2168,1.125162,-1.7613637,-0.45771074,-51.651154,-0.7274976,2.5651827,0.5129006,-2.8167598,1.0
2169,1.1360053,-0.9864566,-0.20596983,-42.778328,-0.30293885,3.822716,0.54339206,-2.741874,1.0
2170,1.29044,-0.58328587,3.74326,-40.74417,0.4226481,3.546168,0.5231867,-2.7221887,1.0
2171,1.3474547,-1.0052402,1.684467,-44.381958,-0.049195062,2.7035306,0.5245531,-2.685703,1.0
2172,1.3652176,-0.24101374,0.75801015,-32.995422,0.12750709,2.2628942,0.544317,-2.6729865,1.0
2173,1.4900749,-0.4100817,4.1762834,-36.337566,0.16526634,2.5492673,0.54294723,-2.6204395,1.0
2174,1.5554105,-0.9469287,5.365727,-29.375444,-1.4230425,5.3670483,0.48585206,-2.4908998,1.0
2175,1.546276,-0.41588974,6.249756,-34.708576,-0.30103505,8.515424,0.58899486,-2.2777948,1.0
2176,1.4665626,-0.47287196,6.298789,-35.15417,-0.3046019,11.150635,0.5777917,-2.1162496,1.0
2177,1.3610247,-0.9736318,6.669634,-30.145792,-1.6799272,13.059729,0.53559643,-1.971634,1.0
2178,1.3641479,-0.46992227,9.9741335,-26.589146,-1.3149444,13.777476,0.58378047,-1.8124865,1.0
2179,1.2650894,-0.5758706,7.975711,-24.99221,-1.2935547,14.179457,0.510243,-1.6500815,1.0
2180,1.3081862,-1.055005,11.259428,-25.57291,-2.1505446,13.317078,0.49698994,-1.518694,1.0
2181,1.2637757,-0.7513185,8.553142,-24.531351,-1.6291832,11.842847,0.49587613,-1.4437166,1.0
2182,1.3057792,-1.1920421,11.519271,-25.365524,-2.201974,12.458794,0.45235237,-1.2994257,1.0
2183,1.2120569,-1.3016526,8.670072,-24.438025,-2.3798392,12.737838,0.42518044,-1.1653293,1.0
2184,1.2005302,-1.1693734,10.874331,-30.532423,-1.5460886,12.513224,0.4494504,-0.9821451,1.0
2185,1.1074779,-1.227527,8.728627,-28.066008,-1.624482,12.405332,0.3932026,-0.91486853,1.0
2186,1.108752,-1.5222943,10.900681,-32.165016,-1.8768206,11.765145,0.41161183,-0.77041394,1.0
2187,1.0269625,-1.6927096,8.740485,-35.963882,-1.5568702,11.69988,0.37005705,-0.72473943,1.0
2188,0.9035722,-1.5216745,7.419617,-29.207287,-1.3058907,11.735754,0.2546401,-0.633535,1.0
2189,0.79623914,-1.7908242,6.8258615,-39.195095,-0.9511294,10.8898115,0.29396632,-0.5724337,1.0
2190,0.73130405,-1.3059933,6.9068165,-31.964209,-0.5526264,9.817484,0.25688708,-0.518882,1.0
2191,0.9104146,-1.714788,13.566314,-40.428608,-0.5392823,9.400837,0.27465576,-0.3607136,1.0
2192,0.7644788,-1.3129437,6.1048408,-39.684643,0.17946467,9.680497,0.28070047,-0.29674459,1.0
2193,0.6503155,-1.2903161,6.2335777,-43.90517,0.60653335,9.156799,0.29860723,-0.1654788,1.0
2194,0.3051487,-1.4473444,-1.030069,-41.24695,0.3475512,8.451429,0.23411895,-0.09964056,1.0
2195,0.050000176,-1.4894367,-0.46353105,-44.60821,0.40729257,8.447739,0.27511483,-0.025832314,1.0
2196,3.032294E-4,-1.1286745,3.62659,-41.56332,0.86589307,8.087483,0.26571792,0.03871242,1.0
2197,-0.13227443,-1.5924209,1.6319655,-44.750572,0.53220916,8.448995,0.21916835,0.15255384,1.0
2198,0.019847713,-1.5360537,8.407045,-48.799194,0.5801972,7.862841,0.3113391,0.17460081,1.0
2199,0.38844344,-1.3078349,14.242368,-48.006718,0.88934433,5.731857,0.3246176,0.20067509,1.0
2200,0.45695645,-1.0231534,6.4090652,-43.09265,0.7581804,2.778415,0.35282314,0.14069608,1.0
2201,0.45117843,-0.991718,2.8840795,-45.438774,1.0513701,-0.058074582,0.36003816,0.053124133,1.0
2202,0.43647054,-1.0714817,1.2978356,-49.10028,1.058168,-2.3343923,0.40263292,0.046429764,1.0
2203,0.42997408,-0.80634683,0.58402604,-41.630436,0.74592054,-3.4969816,0.4044005,-0.008124161,1.0
2204,0.42451364,-0.7577328,0.26281172,-40.223324,0.66340697,-3.7915277,0.4083517,-0.048354022,1.0
2205,0.27904245,-1.2046089,-3.368134,-37.635803,-0.5823488,-3.2696166,0.4111816,-0.054684006,1.0
2206,0.21991941,-1.1901462,-1.5156603,-38.42574,-0.44230023,-2.5292878,0.40780276,-0.06299277,1.0
2207,0.18993321,-1.6985074,-0.6820471,-43.338665,-0.77875143,-1.8589897,0.3797886,-0.05580681,1.0
2208,0.18536143,-1.847666,-0.3069212,-45.554214,-0.84385407,-1.893086,0.3810894,-0.089021504,1.0
2209,0.18777235,-1.5684007,-0.13811454,-46.54648,-0.54833585,-2.2933078,0.4504061,-0.024491914,1.0
2210,0.17246209,-1.617277,-0.06215154,-49.598747,-0.29425526,-1.3287855,0.44926336,-0.022217827,1.0
2211,0.2570464,-1.4775113,3.4584312,-48.36652,-0.15059836,0.053774755,0.45041847,5.8513903E-4,1.0
2212,0.35716933,-1.3860476,5.0426936,-41.300243,-0.33744797,1.1412581,0.37580153,0.003288206,1.0
2213,0.5849637,-1.5603772,9.939569,-47.23794,-0.063988775,1.9261765,0.38317147,0.08665875,1.0
2214,0.5456668,-1.3632342,4.4728065,-47.304153,0.30467537,2.5368922,0.3918972,0.12264319,1.0
2215,0.4190557,-1.2025583,2.0127628,-47.333954,0.5204425,3.0902028,0.41314903,0.09143997,1.0
2216,0.27684066,-1.0386829,0.9057432,-42.789906,0.41297066,3.025049,0.40087777,0.13651395,1.0
2217,0.14585781,-1.5670191,0.40758443,-47.916885,0.1784744,3.2329342,0.35229033,0.12896703,1.0
2218,0.02031992,-1.4352019,0.18341298,-47.609684,0.2903844,3.5531828,0.3743971,0.20562449,1.0
2219,-0.118535794,-1.3193307,0.08253584,-42.913982,0.38932875,4.6398664,0.30610573,0.3318311,1.0
2220,0.11930133,-1.5748664,10.496339,-45.358376,0.056416534,5.679662,0.31977776,0.41671437,1.0
2221,0.501595,-1.7287076,16.228888,-49.0641,0.074913904,5.993662,0.3344379,0.4345756,1.0
2222,0.73997813,-1.9115511,14.275799,-54.63769,0.2489217,5.284187,0.3487905,0.43608022,1.0
2223,0.66373914,-2.011023,6.424109,-53.23979,0.21397062,4.1377177,0.2913428,0.4295249,1.0
2224,0.48244107,-2.047223,2.890849,-52.610737,0.42894736,3.7267716,0.22870155,0.4522962,1.0
2225,0.28227624,-1.8993131,1.300882,-49.721916,0.444609,3.8499484,0.22215325,0.45433745,1.0
2226,0.079805404,-2.2553222,0.58539695,-58.1909,0.8455158,4.516726,0.19206612,0.5211494,1.0
2227,-0.09890993,-1.9226046,0.2634286,-58.75067,1.5039817,4.72017,0.20936352,0.5735643,1.0
2228,-0.5310781,-1.9851996,-7.5518146,-62.253838,1.785173,4.771258,0.207533,0.6537462,1.0
2229,-0.968926,-1.8073546,-10.371116,-60.573074,1.967046,4.716003,0.20696339,0.68149614,1.0
2230,-0.7887379,-1.6962802,3.003356,-63.07392,2.2868824,3.396933,0.24125674,0.6285212,1.0
2231,-1.3198841,-1.7805192,-16.080486,-60.942112,2.2660306,2.249932,0.17235196,0.6481275,1.0
2232,-1.9279115,-1.842544,-22.576935,-63.239986,2.4204414,0.9546677,0.16879795,0.56678516,1.0
2233,-2.3194408,-1.4959307,-20.610266,-60.990215,2.6801243,0.79175663,0.20438279,0.54420584,1.0
2234,-2.3459198,-1.7194744,-13.113254,-63.293907,2.6616693,0.8246196,0.17250101,0.50744027,1.0
2235,-2.560566,-1.3765038,-19.846561,-61.041103,2.8864164,-1.2667278,0.21285804,0.45311543,1.0
2236,-2.5973637,-1.643994,-19.393005,-66.549774,2.7991922,-5.890631,0.24060518,0.31152558,1.0
2237,-2.50057,-1.3627356,-20.236994,-58.611702,2.380514,-12.217042,0.25746506,0.10204321,1.0
2238,-2.104014,-1.4575417,-16.079447,-58.934113,2.0612354,-17.883854,0.28500473,-0.33294952,1.0
2239,-1.7219543,-1.6152872,-17.694948,-59.079197,1.8802927,-22.516945,0.2624233,-0.6465394,1.0
2240,-1.5397977,-1.6185261,-23.303442,-62.401676,1.6991568,-25.162685,0.3584417,-0.93128264,1.0
2241,-1.1253983,-1.4039179,-17.459347,-60.6396,1.8227451,-26.304173,0.37967512,-1.2345524,1.0
2242,-0.79393077,-1.4761899,-18.315905,-59.84667,1.4865203,-26.566929,0.396061,-1.5255764,1.0
2243,-0.5249614,-1.454106,-18.701355,-59.489845,1.24716,-26.17656,0.43835008,-1.7987437,1.0
2244,0.17082523,-1.3484039,-4.5804305,-55.423264,0.9716798,-23.785854,0.44352558,-1.998339,1.0
2245,0.43847495,-1.1144993,-9.033993,-50.98755,0.78803676,-18.298368,0.4717272,-2.0285788,1.0
2246,0.53496736,-1.2050071,-7.5523295,-55.509163,1.0155165,-10.56863,0.48906797,-1.9796755,1.0
2247,0.43993932,-1.1292398,-6.884948,-51.026203,0.8951924,-1.8621887,0.44820443,-1.8519597,1.0
2248,0.31633973,-1.1799843,-3.0982265,-51.614624,0.94486904,6.032289,0.43271467,-1.6442542,1.0
2249,0.14362049,-0.8245585,-1.3942018,-49.273663,1.2378621,11.163206,0.46378255,-1.3751781,1.0
2250,0.23171078,-0.81831187,7.042967,-43.66277,0.53698057,14.063772,0.47595668,-1.180085,1.0
2251,0.2427985,-1.0787627,6.6557345,-45.69533,-0.023069697,15.261804,0.5189724,-1.0368891,1.0
2252,0.34756598,-0.8584833,9.967879,-46.60998,0.28715816,15.815773,0.56290275,-0.94046944,1.0
2253,0.34133115,-0.7747048,8.3207245,-42.46412,0.02327191,16.111002,0.5566463,-0.77446085,1.0
2254,0.14284529,-0.6428252,3.7443259,-38.644165,-0.43321246,16.075445,0.6074696,-0.55170417,1.0
2255,-0.06457013,-0.91660285,1.6849465,-38.88595,-0.3815556,14.998418,0.5045992,-0.5386689,1.0
2256,-0.33529425,-1.1593684,-2.7281735,-37.03399,-0.83698183,12.352439,0.45913213,-0.50135165,1.0
2257,-0.82165205,-0.76276046,-12.733214,-30.99171,-0.8179261,8.282113,0.47941118,-0.51576054,1.0
2258,-1.2138087,-0.96843666,-16.189144,-33.48158,-0.923428,3.526644,0.4728481,-0.6036088,1.0
2259,-1.1090232,-1.2206037,-7.285115,-34.602024,-1.2421594,-0.60032755,0.45921752,-0.61062545,1.0
2260,-1.2128459,-0.6536513,-13.7375,-28.59445,-0.8822381,-2.8422787,0.48270094,-0.6365985,1.0
2261,-1.2620237,-0.8904323,-13.154674,-32.402813,-0.74472046,-3.2240944,0.4489185,-0.65235066,1.0
2262,-1.1972423,-1.0518698,-9.754782,-36.070892,-0.83642066,-2.4836843,0.47910324,-0.6111105,1.0
2263,-1.207033,-0.66960955,-11.362451,-29.255442,-0.7036963,-2.3366635,0.45915487,-0.6222788,1.0
2264,-1.3312365,-0.58078265,-15.575153,-26.192043,-0.7936449,-3.5052774,0.44614604,-0.71607023,1.0
2265,-1.4416645,-1.0699745,-17.468018,-31.321732,-0.9577859,-5.2842712,0.39964354,-0.8534117,1.0
2266,-1.5133929,-0.8945689,-18.319805,-27.11832,-1.1840736,-7.0161896,0.4188578,-0.9235375,1.0
2267,-1.2663623,-1.0421875,-11.730311,-31.738556,-0.7808328,-9.170438,0.38744655,-1.0783025,1.0
2268,-1.1788814,-0.9717743,-15.737838,-27.305891,-1.1636916,-10.351162,0.39132342,-1.2180758,1.0
2269,-1.1930116,-1.3263819,-18.587563,-33.777275,-1.1102796,-10.714987,0.38230646,-1.3280194,1.0
2270,-1.0779155,-0.8946623,-15.337202,-28.223316,-0.78711635,-10.376098,0.37225154,-1.4460024,1.0
2271,-1.1803567,-1.2123808,-20.84734,-32.2358,-0.8401854,-10.232788,0.34625873,-1.5328916,1.0
2272,-1.348847,-0.8041415,-23.326899,-27.529652,-0.4772946,-9.779009,0.33764753,-1.6067841,1.0
2273,-1.3714437,-1.0464444,-20.956303,-31.923655,-0.39748588,-10.155384,0.32343438,-1.714403,1.0
2274,-1.3166232,-0.7990984,-19.891436,-27.391552,-0.33704495,-10.892402,0.31253058,-1.859452,1.0
2275,-0.8516033,-1.1492841,-8.951146,-33.815823,-0.2744293,-11.469221,0.3025697,-1.9751177,1.0
2276,-0.66650146,-0.90381026,-14.487213,-28.240662,-0.4049409,-12.022518,0.30337444,-2.0962539,1.0
2277,-0.32766083,-1.1056421,-10.005646,-32.24361,-0.3072357,-12.772166,0.292961,-2.2403018,1.0
2278,0.03852618,-0.8404266,-7.9889393,-27.533165,-0.29889962,-13.440323,0.29399663,-2.3817568,1.0
2279,-0.015373961,-1.1773406,-17.54062,-31.925236,-0.4470168,-13.104939,0.28503585,-2.5083055,1.0
2280,0.2986319,-1.3735801,-7.8932786,-33.901665,-0.39077714,-12.815878,0.243636,-2.6027782,1.0
2281,0.79229075,-1.1650995,0.28320345,-29.582167,-0.3051927,-10.642435,0.21849804,-2.6001744,1.0
2282,1.0553124,-1.191054,0.12744154,-32.847286,0.08320494,-5.9156494,0.20654842,-2.4767559,1.0
2283,1.0941086,-1.3409837,0.057348695,-34.32014,0.18202138,0.65567726,0.1643662,-2.2609363,1.0
2284,0.965701,-1.2608032,0.025806913,-34.979374,0.5039991,7.120663,0.15051031,-2.0620039,1.0
2285,0.8886692,-1.0348482,3.846792,-37.230343,0.9819049,11.604431,0.1938381,-1.867287,1.0
2286,0.6926864,-1.285303,1.7310563,-36.288967,0.7866053,13.655017,0.118541814,-1.7257457,1.0
2287,0.48605105,-1.3579122,0.7789753,-37.81966,0.585589,13.903994,0.15735337,-1.602074,1.0
2288,0.44557923,-0.9847517,3.8369381,-36.554157,1.1221746,12.807418,0.1741968,-1.4925014,1.0
2289,0.3352566,-0.99694705,1.7266222,-37.938995,1.1655121,12.035167,0.1897336,-1.3496351,1.0
2290,0.20991327,-0.9220385,0.77698,-36.607857,1.1523008,11.696275,0.19268502,-1.2505854,1.0
2291,0.11812157,-0.7682725,0.34964097,-37.96316,1.5330031,10.369174,0.20922233,-1.1990196,1.0
2292,0.5878471,-0.68648875,14.106741,-36.624065,1.5379678,8.261922,0.21139167,-1.1956697,1.0
2293,0.74177384,-0.38994038,6.348034,-30.807245,1.4519371,4.944416,0.21822724,-1.2347487,1.0
2294,0.8230704,-0.8102446,2.856615,-33.39857,0.85860354,1.1986518,0.22056037,-1.3337967,1.0
2295,0.9074663,-0.73911524,1.2854767,-29.355772,0.5328721,-2.239707,0.22258636,-1.40062,1.0
2296,1.1416682,-0.9535468,4.064864,-32.745407,0.40912026,-4.9087143,0.2337999,-1.510588,1.0
2297,1.29419,-1.1382138,1.8291887,-29.06185,-0.1996583,-6.4617605,0.19954082,-1.6752653,1.0
2298,1.4013585,-0.7835009,0.82313484,-26.101374,-0.21115993,-7.388778,0.27091575,-1.7302791,1.0
2299,1.6259385,-1.1592138,4.20559,-33.23524,-0.0055075474,-7.7276206,0.24108566,-1.8277941,1.0
2300,1.9230163,-1.5058048,8.865314,-34.49117,-0.27870393,-5.833856,0.1880853,-1.778856,1.0
2301,1.9892422,-0.9273078,7.4757905,-28.544567,-0.035099864,-1.1426308,0.23683505,-1.645844,1.0
2302,1.8647584,-1.2400095,7.2000523,-34.338978,0.22353862,5.4611554,0.19384916,-1.4037442,1.0
2303,1.580055,-0.91075164,6.726423,-34.98785,0.49372664,12.06042,0.27855673,-1.1146327,1.0
2304,1.231967,-0.7266705,6.5132895,-35.279842,0.8612259,16.492304,0.28707644,-0.8771784,1.0
2305,1.0450951,-0.6029376,10.601337,-30.202345,0.5693105,18.554754,0.28154254,-0.68754786,1.0
2306,0.786073,-0.44703403,8.257001,-26.614595,0.45069984,18.91986,0.2872257,-0.51232195,1.0
2307,0.5497617,-0.21026783,7.5508294,-26.302984,0.77868956,18.692375,0.30977032,-0.39134365,1.0
2308,0.3178072,-0.70894176,6.8842726,-24.859882,-0.097591855,18.755657,0.25271168,-0.20304127,1.0
2309,-0.013847839,-0.2045572,3.0979226,-18.350155,-0.13257582,18.520075,0.31182304,-0.044280387,1.0
2310,-0.17235175,-0.324968,4.8804646,-27.792881,0.592127,16.076672,0.3301147,0.08724556,1.0
2311,-0.14031062,-0.6049207,6.0325394,-19.672153,-0.58689904,10.837415,0.27225304,0.040909547,1.0
2312,-0.21556248,-0.49179566,-0.7717568,-15.36424,-1.058231,4.369261,0.3094293,-0.07370427,1.0
2313,-0.8585484,-0.58029276,-21.265686,-19.937449,-0.666288,-2.137905,0.30052984,-0.26484603,1.0
2314,-1.368203,-0.9321741,-24.910275,-16.13506,-1.6395077,-7.1112204,0.26660967,-0.3969182,1.0
2315,-1.1815169,-0.7016307,-11.209623,-20.284317,-1.3382965,-10.145469,0.3798908,-0.5675946,1.0
2316,-1.028759,-0.694642,-12.017129,-15.639712,-1.2612654,-11.1930685,0.27722344,-0.69707406,1.0
2317,-1.1445073,-1.2855424,-19.353306,-20.06141,-1.876549,-12.125423,0.25797054,-0.7984674,1.0
2318,-1.2998575,-1.0022428,-22.654585,-22.051176,-0.9561948,-13.378166,0.24056748,-1.0153695,1.0
2319,-1.1807108,-1.180859,-17.167362,-22.946571,-0.9765711,-14.519199,0.19740704,-1.1478999,1.0
2320,-1.2637123,-1.5450554,-23.066029,-24.652372,-1.3694807,-15.297951,0.16774346,-1.3249314,1.0
2321,-1.1945105,-1.1327634,-20.84081,-24.119476,-0.44627613,-16.381105,0.14643404,-1.5624486,1.0
2322,-1.0744878,-1.3296473,-19.837563,-23.877306,-0.49430373,-16.963387,0.07895314,-1.7058018,1.0
2323,-0.6810284,-1.3123244,-12.413302,-23.768328,-0.47894967,-17.207155,0.08040931,-1.9162858,1.0
2324,-0.4564651,-1.2468942,-16.045183,-30.23106,0.49314842,-18.128696,0.0640449,-2.1788218,1.0
2325,-0.563448,-1.4287204,-24.65233,-33.139286,0.48646876,-18.518476,0.057229195,-2.3611963,1.0
2326,0.01702879,-1.0604423,-7.258369,-29.239094,0.7020607,-19.048586,0.075611524,-2.535377,1.0
2327,0.9143,-0.9927643,3.7065327,-32.692905,1.2373586,-20.244751,0.075968206,-2.75445,1.0
2328,1.5607293,-1.5537952,1.6679397,-34.24712,0.7427985,-20.222818,-0.010101375,-2.9766085,1.0
2329,1.9657336,-1.6388583,0.75057286,-36.90083,0.88339764,-17.15982,-0.012590614,-2.9918513,1.0
2330,2.240911,-1.4168105,3.8247912,-42.65719,1.8499457,-10.49123,0.014265468,-2.8925018,1.0
2331,2.2994938,-1.3130683,5.207556,-38.731045,2.0708408,-1.7333828,-0.06443664,-2.6945145,1.0
2332,2.0612082,-1.0996073,2.3433998,-38.9186,2.2748945,5.7555103,-0.01920487,-2.4819944,1.0
2333,1.9492503,-1.0877894,8.0273285,-43.560448,2.6325037,11.077395,0.014958106,-2.2828295,1.0
2334,1.8546451,-0.5980976,10.585096,-39.137512,2.6545863,14.405127,0.100105315,-2.0256512,1.0
2335,1.8152455,-0.3768911,12.433652,-39.101505,2.85835,15.312704,0.14393197,-1.910113,1.0
2336,1.7844568,-0.1167431,12.567941,-37.13099,2.9322147,14.584365,0.18600878,-1.7543119,1.0
2337,1.7913665,-0.30843183,13.325932,-23.872152,1.1815075,14.035121,0.15692765,-1.6924883,1.0
2338,1.8894539,-0.19024853,16.455868,-30.27778,1.4594191,14.01519,0.27831158,-1.5298427,1.0
2339,1.8807873,0.23949866,15.077801,-27.955717,1.887676,14.184024,0.31335303,-1.2894163,1.0
2340,1.8188592,-0.51667136,13.757809,-25.603613,0.20818171,13.319786,0.28424582,-1.0951595,1.0
2341,1.9309005,0.08418198,17.69655,-18.684834,0.036986794,11.679108,0.3936333,-0.9696007,1.0
2342,1.9199222,-0.33978406,14.936246,-21.431717,-0.43578097,10.861,0.37679285,-0.86020416,1.0
2343,1.8692532,-0.50887877,14.391668,-9.644272,-1.901378,11.207238,0.33569783,-0.740377,1.0
2344,1.7708865,-0.8010627,13.449049,-17.363462,-1.715565,11.746564,0.3509664,-0.6303563,1.0
2345,1.6671581,-0.72418046,13.72243,-7.8135586,-1.7904906,13.098876,0.20257016,-0.550884,1.0
2346,1.5119485,-1.8057271,13.147891,-16.539642,-2.729635,14.834067,0.14737779,-0.4027466,1.0
2347,1.3769038,-1.6357943,13.586909,-14.606047,-2.076988,15.47136,0.05759778,-0.2610832,1.0
2348,1.2691406,-0.7526503,13.086908,-26.108032,0.18198922,14.6607685,0.21351278,-0.24563578,1.0
2349,1.1553723,-1.0168403,12.863174,-18.261568,-0.4765036,14.629829,0.07667107,-0.065778054,1.0
2350,1.078358,-0.91797996,13.458786,-15.380914,-1.2688357,14.116601,0.19220556,0.099285,1.0
2351,1.0070447,-0.4741562,13.029252,-19.944952,0.04370868,12.623709,0.21587151,0.30669287,1.0
2352,0.81426114,-0.86206293,9.698341,-23.301643,0.01137191,12.879293,0.14796905,0.39964804,1.0
2353,0.724009,-0.9058402,11.337052,-23.509281,0.019186163,12.551896,0.13492833,0.45824417,1.0
2354,0.55595195,-0.7044615,8.936852,-24.905594,0.46959108,12.413758,0.1573755,0.56962764,1.0
2355,0.53876805,-1.101534,11.691941,-25.533932,-0.026766112,11.403955,0.11235965,0.6306002,1.0
2356,0.5002739,-0.8536007,8.747772,-24.513811,0.23198669,7.732535,0.13700032,0.57901263,1.0
2357,0.2452665,-0.7089633,0.10131879,-25.357632,0.6212604,4.0275493,0.13873544,0.48326015,1.0
2358,0.26451245,-0.97040415,3.5329442,-24.438028,0.068756506,0.19239444,0.12178754,0.37736687,1.0
2359,0.28823796,-0.94325644,1.5898249,-25.323528,0.10649701,-3.1876514,0.14269115,0.2962365,1.0
2360,0.21078488,-0.70971674,-2.7709785,-24.419128,0.50147015,-5.492498,0.14086495,0.17805381,1.0
2361,0.25388807,-0.7842015,-1.2469401,-25.315023,0.41622335,-7.264705,0.14650868,0.088034,1.0
2362,0.34901696,-0.8047786,-0.5611231,-24.415302,0.4144667,-7.973616,0.12161525,-0.08752143,1.0
2363,0.45937306,-0.8749613,-0.25250536,-25.313301,0.41568846,-8.609277,0.113894485,-0.18742587,1.0
2364,0.5782062,-0.79759926,-0.11362742,-24.414528,0.44291952,-9.261122,0.11933769,-0.30709642,1.0
2365,0.68790513,-0.7039886,-0.051132336,-24.010077,0.6259224,-9.380975,0.11349637,-0.41061714,1.0
2366,0.7857983,-0.9774096,-0.023009552,-25.13095,0.3419433,-9.446526,0.086140975,-0.49543238,1.0
2367,0.8552894,-1.0153527,-0.010354297,-24.33247,0.16862035,-8.711209,0.086587235,-0.56130314,1.0
2368,1.0172136,-0.8073195,3.4823742,-23.97552,0.53039396,-7.579636,0.092021585,-0.59929365,1.0
2369,1.202763,-1.5010281,5.4022474,-32.278606,0.4542501,-6.74535,0.019293575,-0.66237,1.0
2370,1.3070847,-1.3649316,5.917411,-27.548914,-0.011054405,-4.3900814,0.055102535,-0.58851653,1.0
2371,1.1958078,-1.4340385,2.662835,-33.88664,0.48938113,-0.99348634,0.06906761,-0.5513439,1.0
2372,1.1036105,-1.1764857,4.6846747,-34.784298,1.1489135,2.3400736,0.06566842,-0.46024647,1.0
2373,0.97792673,-1.3658665,5.594503,-35.188244,0.8321549,5.705983,0.05997139,-0.3126347,1.0
2374,0.84290963,-0.8212317,6.352705,-30.161125,1.0894094,7.8845067,0.11238525,-0.1481249,1.0
2375,0.5800041,-0.6596859,2.8587172,-33.10782,1.7457458,8.853756,0.11553913,-0.05079674,1.0
2376,0.4364652,-0.9695944,5.1216016,-36.38814,1.6035149,9.463967,0.09321523,0.028919114,1.0
2377,0.338095,-0.32134834,5.7920713,-29.401758,1.6557459,9.372981,0.17971192,0.13590677,1.0
2378,0.1454829,-0.39972755,2.6064322,-27.557207,1.4404647,9.1088295,0.15212967,0.1885052,1.0
2379,-0.058955837,-0.770561,1.1728944,-25.424284,0.74338484,8.89677,0.09658637,0.2528586,1.0
2380,-0.23589115,-0.47505167,0.52780247,-25.767342,0.9950513,8.442327,0.16647953,0.29279023,1.0
2381,-0.22137803,-0.11970825,3.7239106,-24.618845,1.4751499,6.4806275,0.18900324,0.32887083,1.0
2382,-0.19615142,-0.8544513,1.6757597,-25.404896,0.21237361,2.7694435,0.15784085,0.23055397,1.0
2383,0.020542918,-0.723033,4.2404914,-24.455744,-0.054077614,-1.2925464,0.2326173,0.061983235,1.0
2384,0.18997197,-0.7094946,1.908221,-25.331501,0.4090963,-4.7895427,0.17493367,-0.058919366,1.0
2385,0.32094845,-1.3772185,0.8586994,-24.422716,-0.663023,-6.1301355,0.10139823,-0.144404,1.0
2386,0.41422817,-1.0811427,0.3864147,-25.316639,-0.4708098,-6.096698,0.1926879,-0.22228475,1.0
2387,0.48332492,-0.8984214,0.17388663,-24.418396,0.023692353,-5.8647003,0.1553809,-0.2965089,1.0
2388,0.53098935,-1.567836,0.07824898,-30.52359,-0.504053,-5.460238,0.12594724,-0.3435666,1.0
2389,0.58079046,-0.9285507,0.03521204,-28.062033,0.3730197,-5.5773854,0.15628514,-0.43830952,1.0
2390,0.622259,-0.53349805,0.015845418,-25.651455,0.78096956,-5.667802,0.18058747,-0.453194,1.0
2391,0.6435354,-0.9708141,0.007130438,-25.86957,0.061107222,-5.193939,0.15153323,-0.44737044,1.0
2392,0.6337816,-0.31014264,0.0032086966,-24.664846,0.89946514,-4.0182195,0.22110492,-0.43108347,1.0
2393,0.57503134,-0.28605548,0.0014439134,-24.12272,1.0781372,-1.6600996,0.18812263,-0.4063983,1.0
2394,0.44239652,-0.35976034,6.497611E-4,-18.018433,0.3876315,1.8923135,0.15990701,-0.2899204,1.0
2395,0.26501277,-0.46343437,2.9239288E-4,-21.131834,0.36421657,4.8909535,0.18808037,-0.18086638,1.0
2396,0.074357264,-0.24426435,1.3157695E-4,-16.674685,0.31431875,7.054638,0.18745545,-0.10473078,1.0
2397,-0.10154121,-0.74897194,5.920948E-5,-20.52715,-0.18945333,8.118207,0.16865663,-0.048833594,1.0
2398,-0.23755345,-0.9281571,2.6644457E-5,-16.400425,-0.7390764,7.828654,0.1173011,-4.4555505E-4,1.0
2399,-0.08079389,-0.6430866,6.9728107,-13.891961,-0.6395453,7.0655203,0.1532761,0.04855444,1.0
2400,-0.08200816,-1.1160629,3.1377647,-19.274923,-0.7375984,5.9476347,0.106208704,0.09521443,1.0
2401,-0.5511212,-1.2205276,-10.093542,-23.000132,-0.67928374,5.292655,0.13222353,0.11430911,1.0
2402,-1.2355213,-1.0470663,-18.487692,-23.3736,-0.18873185,5.661959,0.117389046,0.20085894,1.0
2403,-1.8317115,-1.1869125,-19.824999,-24.844536,-0.26428133,6.2208323,0.1090495,0.26708707,1.0
2404,-1.7651364,-1.1123495,-5.4348493,-24.20358,-0.068533644,6.176275,0.08937748,0.23216747,1.0
2405,-1.6792675,-0.7227743,-5.932081,-23.915152,0.51822597,3.9891708,0.12287803,0.16993654,1.0
2406,-1.7650054,-0.6847607,-13.130537,-23.787727,0.55994827,-0.8035612,0.12701695,0.08355114,1.0
2407,-1.5468869,-0.6502583,-9.743919,-25.030893,0.6933432,-7.4184494,0.14121073,-0.1262138,1.0
2408,-1.5661037,-0.46769732,-18.33036,-24.287443,0.9459323,-12.1367445,0.14887784,-0.3389444,1.0
2409,-1.3936248,-0.25972405,-15.221461,-17.441118,0.60908556,-14.767936,0.14666204,-0.5034214,1.0
2410,-1.4809468,-0.28052387,-22.184237,-22.169188,0.8655268,-15.2338915,0.18848169,-0.67608804,1.0
2411,-1.3670522,-0.29247716,-16.958242,-16.490274,0.49445,-14.195939,0.13584436,-0.7781318,1.0
2412,-1.1916373,-0.2224032,-14.604008,-13.932394,0.11139222,-13.458657,0.17666747,-0.9126087,1.0
2413,-1.2816192,-0.61190563,-20.517399,-19.293118,0.06419621,-12.426312,0.15043238,-0.98884225,1.0
2414,-1.3457333,-0.7542891,-20.738367,-15.845112,-0.5362746,-12.629513,0.13458176,-1.0598323,1.0
2415,-1.2054989,-0.79963475,-16.306332,-13.643254,-0.8303806,-13.2701645,0.12547483,-1.1853917,1.0
2416,-1.2516252,-1.1300912,-21.283447,-19.163004,-0.62932414,-13.5829735,0.08083148,-1.3370485,1.0
2417,-1.5006438,-1.0542233,-27.009546,-15.135122,-0.85324705,-12.536833,0.067144446,-1.4546232,1.0
2418,-1.3063599,-1.3656663,-15.640696,-26.346117,-0.4264842,-10.840274,0.10289587,-1.5264683,1.0
2419,-1.243134,-1.0794221,-17.49751,-24.879292,0.29560846,-8.997455,0.052320037,-1.6668985,1.0
2420,-1.1381272,-0.90477574,-15.544237,-18.358889,0.10570825,-8.309383,0.019047422,-1.6631861,1.0
2421,-1.1131006,-0.93660307,-17.454103,-21.28504,0.1867583,-8.335411,0.051498428,-1.7613602,1.0
2422,-1.2031302,-0.61333,-21.799944,-22.60181,0.916839,-9.831823,0.06808112,-1.897608,1.0
2423,-1.0350903,-0.6384514,-16.782774,-23.194355,0.8623431,-11.681085,0.080212004,-2.0388255,1.0
2424,-0.36691013,-0.6548301,-3.7159173,-24.768177,0.906464,-13.751133,0.09789484,-2.2201102,1.0
2425,0.14493239,-0.62175727,-5.158562,-24.16922,0.96712536,-15.035764,0.08758402,-2.395289,1.0
2426,0.2846394,-0.46155292,-12.780551,-17.38792,0.6470265,-14.880565,0.06650629,-2.5818095,1.0
2427,0.5252905,-0.64300144,-9.237647,-20.848104,0.89574856,-14.073941,0.026564732,-2.745043,1.0
2428,0.85964257,-0.49826846,-4.1569414,-16.544855,0.51455635,-12.205846,0.059413716,-2.7667897,1.0
2429,1.1251436,-0.735684,-1.8706235,-20.468725,0.47198156,-8.614501,0.058717463,-2.7506616,1.0
2430,1.2639781,-0.7001939,-0.8417805,-22.234467,0.7760811,-4.3091254,0.053812746,-2.6297426,1.0
2431,1.2563124,-0.5305553,-0.37880123,-17.168718,0.61949164,1.0564369,0.04163404,-2.456466,1.0
2432,1.1467671,-0.7424197,-0.17046054,-20.749464,0.51756537,5.2642336,0.053567264,-2.2581964,1.0
2433,1.0981458,-0.95315564,3.409692,-22.3608,0.35903937,8.894836,0.03671327,-2.1039896,1.0
2434,0.91813093,-0.6716929,1.5343615,-17.227001,0.33547366,11.608732,0.04060565,-1.9534926,1.0
2435,0.7185722,-0.7552441,0.6904626,-20.77569,0.29111803,12.136722,0.088336565,-1.8028414,1.0
2436,0.6628545,-1.0721909,4.145887,-23.675478,0.24793895,12.861454,0.038826395,-1.7085215,1.0
2437,0.528211,-1.1678538,1.8656491,-23.677505,0.14292245,12.6839905,0.022504352,-1.6098123,1.0
2438,0.27031103,-1.2451036,-2.9956367,-24.981293,0.2701576,11.196455,-0.001500703,-1.5453064,1.0
2439,0.3058072,-0.9868454,2.138363,-24.265123,0.76709116,8.76838,-0.00833993,-1.5385422,1.0
2440,0.35380444,-1.0039958,0.9622632,-25.24572,0.8612019,5.623645,-0.011283967,-1.5324492,1.0
2441,0.42784217,-0.8346173,0.43301848,-24.384115,1.0292922,2.8730717,0.0037960128,-1.5341023,1.0
2442,0.5478087,-0.5847996,0.19485831,-23.996391,1.3593311,0.0075775697,0.029299451,-1.6363531,1.0
2443,0.6777038,-0.4952776,0.08768623,-25.127659,1.5555955,-1.8619008,0.050133694,-1.66125,1.0
2444,0.8144874,-0.40203992,0.039458804,-24.330988,1.6003313,-2.965559,0.06031434,-1.7845008,1.0
2445,0.9377728,-0.119371615,0.01775646,-18.112152,1.4141338,-3.6122372,0.071382664,-1.8264841,1.0
2446,1.0538536,-0.40046033,0.007990408,-21.17401,1.0060395,-4.426473,0.1011433,-1.8635644,1.0
2447,1.1746464,0.039874263,0.003595683,-16.691513,1.3080326,-5.270535,0.11910805,-1.9740741,1.0
2448,1.4420983,0.043665092,3.4880176,-14.02295,0.9910391,-6.9704285,0.12248432,-2.079141,1.0
2449,1.7723681,-0.8863176,5.4047866,-13.473536,-0.7746445,-8.698646,0.081317395,-2.2298465,1.0
2450,2.1429229,-0.5698996,9.404953,-12.574862,-0.45104894,-7.29248,0.121726274,-2.2268138,1.0
2451,2.2514138,-0.94640446,7.718628,-18.682228,-0.2972714,-2.807662,0.08012561,-2.0328703,1.0
2452,2.1384454,-1.7808329,7.309713,-22.73772,-0.8795254,4.6138225,-0.04019426,-1.7936879,1.0
2453,1.831549,-0.78100026,6.7757697,-16.743744,0.027768472,12.465056,0.0447884,-1.4780536,1.0
2454,1.5373323,-0.6515574,10.021894,-20.558226,1.2564179,19.19071,-0.045542546,-1.1818043,1.0
2455,1.1366389,-1.1154181,8.345032,-16.41441,0.038535774,23.109976,-0.08459524,-0.9233505,1.0
2456,0.8657807,-0.5067026,10.728063,-13.898254,0.5456715,23.771591,-0.0025272146,-0.65471137,1.0
2457,0.6967118,-0.57830304,12.497986,-20.580631,1.1361784,23.413101,0.0018580685,-0.41008925,1.0
2458,0.44195387,-0.76846504,9.110493,-22.284822,0.939303,22.303164,0.0010276746,-0.22159551,1.0
2459,0.2496195,-0.10152829,7.9349008,-17.19138,1.4925551,19.411404,0.045242976,-0.12754586,1.0
2460,0.28704157,-0.24562393,10.543504,-20.759663,1.510672,15.009022,0.06087463,-0.14109065,1.0
2461,0.20402962,-0.29914305,4.744577,-16.505054,0.91486776,9.985658,0.060453024,-0.108990975,1.0
2462,0.045171496,-0.039879102,-1.351974,-13.940229,0.8068991,4.3988385,0.12202505,-0.20375544,1.0
2463,0.21711095,0.04292256,3.2267907,-13.436311,0.9084585,-1.173137,0.124518126,-0.32256216,1.0
2464,0.37953916,-0.5912427,1.4520557,-12.55811,-0.28754395,-5.1302605,0.08517371,-0.42769185,1.0
2465,0.671473,-0.58828527,4.1398244,-12.16292,-0.45611864,-7.633301,0.10763213,-0.5705489,1.0
2466,0.9991099,-0.32960367,5.6981,-12.636522,0.022851147,-9.421714,0.12762895,-0.6455512,1.0
2467,1.2993497,-0.6764996,6.0505443,-12.198206,-0.62838316,-10.331887,0.106405534,-0.7716891,1.0
2468,1.5469483,-0.36851716,6.557924,-5.4891925,-0.815144,-9.697958,0.116976365,-0.8535781,1.0
2469,1.5354471,-0.30190903,2.9510655,-8.981907,-0.41926354,-6.6771026,0.14166477,-0.7727827,1.0
2470,1.4659559,-0.5176768,4.814379,-10.553629,-0.57815385,-1.2289777,0.122233614,-0.63913786,1.0
2471,1.3109629,-0.12179697,5.653821,-4.7491326,-0.5134707,4.3313174,0.13878678,-0.49442646,1.0
2472,1.1113901,-0.42901418,6.3793983,-9.300318,-0.35821006,8.790363,0.09108529,-0.3736559,1.0
2473,0.75440586,-0.30145764,2.8707292,-4.185143,-0.5655999,11.542618,0.07158471,-0.21828827,1.0
2474,0.6684514,-0.07820901,8.962186,-1.8833143,-0.3931939,12.421256,0.076695494,-0.11523071,1.0
2475,0.54148376,-0.41606107,7.519383,-7.359262,-0.3768472,12.182299,0.06039222,-0.012086996,1.0
2476,0.29724216,-0.8801353,3.3837223,-9.823438,-0.91210973,11.460616,0.03427125,0.075307816,1.0
2477,0.043651767,-0.52744174,1.522675,-4.420547,-0.97215384,10.875571,0.06491779,0.15086086,1.0
2478,-0.06162091,-0.58110404,4.171603,-8.501017,-0.5718675,10.615618,0.05714684,0.2352291,1.0
2479,-0.19949853,-0.8180786,1.8772212,-10.988666,-0.71834457,8.927057,0.046258073,0.29706687,1.0
2480,-0.13721342,-0.8562191,4.331149,-11.45667,-0.6283617,5.462215,0.026307207,0.22504945,1.0
2481,0.22152191,-0.8169262,9.620911,-12.320143,-0.29612973,0.61373734,3.1282933E-4,0.06579965,1.0
2482,0.55090994,-0.78499985,7.815809,-12.055835,-0.20554115,-4.152895,-0.00888117,-0.09764941,1.0
2483,0.72561646,-0.61487377,3.517114,-12.588334,0.22366126,-7.107029,-0.011013674,-0.2231953,1.0
2484,0.83492374,-0.5316358,1.5827011,-12.176519,0.4281704,-8.7884865,-0.024408165,-0.30374146,1.0
2485,0.9294423,-0.52173066,0.71221554,-11.991204,0.4637818,-9.820636,-0.030607773,-0.46453312,1.0
2486,1.115397,-0.33764952,3.8068964,-11.907812,0.7158311,-9.783374,-0.0094083315,-0.4782601,1.0
2487,1.2572033,-0.42194238,5.548282,-12.521724,0.55546343,-6.7736435,-2.999435E-5,-0.45169583,1.0
2488,1.1169081,-0.34000832,2.4967268,-12.146545,0.6613807,-1.0764753,0.0036376303,-0.27121764,1.0
2489,0.8145693,-0.22935088,1.123527,-11.9777155,0.8220551,4.9078817,0.012259118,-0.09550318,1.0
2490,0.4456338,-0.43031326,0.50558716,-12.55533,0.5277986,9.53321,0.0018860059,0.0539311,1.0
2491,0.085978985,-0.45745704,0.22751422,-12.161669,0.32724294,11.844921,0.018855497,0.19355893,1.0
2492,-0.22598894,-0.15356426,0.1023814,-5.472751,0.17474948,12.585619,0.022367828,0.30972946,1.0
2493,-0.4855852,-0.49778226,0.046071626,-8.974508,-0.005356464,12.587918,-0.0013904488,0.4407946,1.0
2494,-0.66385484,-0.67768055,0.020732231,-11.201736,-0.16172151,11.138251,0.004841592,0.49220467,1.0
2495,-1.4892424,-0.78226537,-20.909065,-11.552552,-0.26561725,7.929978,-0.00787478,0.45656213,1.0
2496,-2.1826503,-0.9360058,-24.749794,-12.3618555,-0.326309,4.280024,-0.036766816,0.3946193,1.0
2497,-2.0237505,-0.6835639,-7.6510077,-12.074605,-0.09171963,1.190136,0.008090379,0.30325633,1.0
2498,-2.0378308,-0.850465,-13.902152,-18.457113,0.39941752,-2.228014,-0.010510811,0.14701422,1.0
2499,-2.0683668,-0.66492,-17.761505,-15.468909,0.4401246,-7.022983,-0.0096126245,-0.027434196,1.0
2500,-1.8476797,-0.3568951,-14.966744,-13.473964,0.81821537,-12.394001,-0.0031586774,-0.28939942,1.0
2501,-1.7650644,-0.23900174,-20.680632,-12.575053,0.8994028,-16.685045,0.007706743,-0.5373735,1.0
2502,-1.698553,-0.18831922,-23.25188,-12.170545,0.8897351,-19.845003,0.019766597,-0.78242034,1.0
2503,-1.4931521,-0.06486012,-20.922544,-11.988515,0.9898034,-21.852842,0.043477602,-1.0067257,1.0
2504,-1.43219,0.017194616,-24.75586,-5.3948317,0.5049969,-22.317825,0.026377995,-1.2539032,1.0
2505,-1.3958389,-0.32562667,-25.085735,-2.427674,-0.4764215,-21.360773,0.013551075,-1.4148483,1.0
2506,-1.1209785,-0.19758518,-18.26138,-7.6042237,-0.034828432,-19.996252,0.08586419,-1.6282843,1.0
2507,-1.1600481,-0.34446496,-25.649616,-3.4219007,-0.30592638,-19.493605,-0.0030267423,-1.8350637,1.0
2508,-0.89335066,-0.89668036,-18.515127,-8.051626,-1.0282408,-20.075737,0.014246097,-2.0420544,1.0
2509,-0.39823425,-0.43942326,-11.81884,-3.6232314,-0.6397945,-20.877777,0.0244558,-2.279888,1.0
2510,-0.052419383,-1.0796812,-12.988835,-8.793662,-0.974325,-20.317736,-0.046313994,-2.4171941,1.0
2511,0.2953024,-1.1977484,-9.331375,-10.468919,-1.1404978,-17.460526,-0.027089948,-2.4693224,1.0
2512,0.534408,-0.6527977,-7.685518,-11.222784,0.12266238,-12.974203,-0.03395991,-2.489589,1.0
2513,0.7261741,-0.85525596,-3.458483,-11.562023,-0.17698048,-6.775115,-0.048674684,-2.3378692,1.0
2514,0.77652574,-1.0234525,-1.5563174,-11.714681,-0.48893797,0.4455758,-0.052625693,-2.1865838,1.0
2515,0.69347614,-0.15267967,-0.70034283,-11.783377,1.0003216,6.495144,0.005319634,-1.9555396,1.0
2516,0.68154293,-0.66354656,3.5200248,-19.628935,1.0400667,10.095508,-0.03065422,-1.7428492,1.0
2517,0.574211,-0.609762,1.584011,-15.34479,0.6079769,10.890498,-0.02142153,-1.6508349,1.0
2518,0.47552252,-0.2833335,0.7128049,-13.418703,1.1051836,9.813238,-0.027689226,-1.6020951,1.0
2519,0.3619414,-0.3719848,0.32076222,-13.201625,0.87624174,10.231611,-0.024431111,-1.4876034,1.0
2520,0.24714437,-0.058126613,0.14434299,-12.452501,1.0815458,10.644964,0.03845049,-1.3914295,1.0
2521,0.1540576,-0.06299609,0.06495435,-12.766834,1.3425282,10.438816,-0.00218132,-1.3459269,1.0
2522,0.095237665,-0.16989785,0.029229455,-5.7450747,0.41881278,9.341191,-0.020103343,-1.2833389,1.0
2523,0.14717838,-0.340418,0.013153254,-9.748491,0.34563962,4.9935303,0.010398116,-1.356477,1.0
2524,0.32396603,-0.3727806,0.0059189647,-10.898592,0.33081692,-0.88988626,0.024229798,-1.4905148,1.0
2525,0.5918436,-0.42522174,0.002663534,-4.904366,-0.35786688,-6.1566353,0.0058344314,-1.6803943,1.0
2526,0.90435815,-0.827063,0.00119859,-9.3701725,-0.6534406,-10.535871,5.0514267E-4,-1.8111535,1.0
2527,1.2124443,-0.8876199,5.3936546E-4,-10.728349,-0.59498435,-12.760799,-0.004459103,-1.9802996,1.0
2528,1.4820942,-0.89126235,2.4271457E-4,-11.340711,-0.42390174,-13.619216,-0.023158774,-2.093363,1.0
2529,1.8033346,-1.1763899,3.835288,-19.429735,-0.011362417,-12.130447,-0.037200756,-2.1299253,1.0
2530,2.024715,-1.0672867,5.212279,-8.743381,-0.5078015,-8.399795,-0.12367585,-2.1273227,1.0
2531,2.074755,-1.0915035,5.831925,-16.958063,-0.09416817,-2.7336195,-0.04144443,-1.9112953,1.0
2532,1.9787949,-0.44197834,6.1107655,-14.142898,1.035104,3.4085882,-0.058180932,-1.7586765,1.0
2533,1.7817733,-0.643934,6.585023,-20.69072,1.3169637,8.728939,-0.050297398,-1.5110261,1.0
2534,1.5269037,-0.5245153,6.4496593,-15.822595,1.0562638,12.474232,-0.05866649,-1.3418624,1.0
2535,1.3678364,0.0061971326,9.875146,-13.631938,1.5067195,15.16065,0.011454364,-1.094764,1.0
2536,1.2573018,0.15404667,12.114173,-13.29758,1.6793932,17.2836,0.028242996,-0.89525634,1.0
2537,1.250166,-0.027892727,15.9124775,-12.496865,1.0902758,18.829647,0.048485704,-0.6784734,1.0
2538,1.0155364,-0.12996417,10.995793,-5.6235895,-0.0014510619,20.379978,0.06420573,-0.5266058,1.0
2539,0.88291544,-0.039838485,12.618465,-9.693823,0.59925324,20.375332,0.07346344,-0.4451714,1.0
2540,0.7572781,-0.3121419,12.651108,-10.873991,0.21338458,20.17901,0.065256454,-0.22387682,1.0
2541,0.34285212,-0.17591047,2.206599,-4.893296,-0.31737524,16.533611,0.08782549,-0.11870706,1.0
2542,0.24243653,-0.4634798,4.8281484,-9.365191,-0.43829384,10.41946,0.09364711,-0.11796987,1.0
2543,0.154357,-0.774611,2.1726665,-4.214336,-1.4706961,6.16154,0.05796719,-0.109214306,1.0
2544,0.14085995,-0.4764629,0.9777,-1.8964511,-1.0154724,2.210307,0.041093104,-0.2434546,1.0
2545,0.20796672,-0.9576772,0.43996498,-7.3651733,-1.0360028,-1.645366,-0.020569107,-0.387254,1.0
2546,0.32668483,-1.4238957,0.19798425,-10.479686,-1.5772235,-4.808264,-0.033473447,-0.47542536,1.0
2547,0.4804586,-1.2265756,0.0890929,-17.7394,-0.6326671,-7.56413,0.018283525,-0.55362743,1.0
2548,0.6489705,-0.690232,0.04009181,-14.4945,0.083747156,-9.201496,0.023798224,-0.69611424,1.0
2549,0.84844965,-0.82377404,0.018041313,-13.034295,-0.057619,-11.753559,-0.028753055,-0.8387036,1.0
2550,1.091899,-0.4399747,0.008118589,-13.028641,0.5963279,-14.747364,-0.0033054692,-1.063982,1.0
2551,1.346451,-0.42339557,0.0036533654,-12.37466,0.39426807,-16.565327,0.02472525,-1.2963634,1.0
2552,1.6415935,-0.77388537,3.4880435,-18.592136,0.21333309,-14.945697,0.052599665,-1.339929,1.0
2553,1.8088306,0.072241805,5.4047985,-8.366462,0.7743215,-9.199108,0.058315862,-1.2400639,1.0
2554,1.6367708,-0.5942683,2.4321592,-16.788448,0.4673074,-1.0317239,0.03742232,-1.028782,1.0
2555,1.3950088,-0.053846937,4.9296503,-7.5548015,0.6463155,7.3085456,0.018390233,-0.79775864,1.0
2556,0.99493355,0.25200164,2.2183428,-9.912615,1.1491498,11.87714,0.08834346,-0.62330854,1.0
2557,0.73074126,-0.41485113,4.833433,-11.623884,0.22618558,13.59726,0.04106535,-0.5045981,1.0
2558,0.68455076,-0.34321916,9.147843,-5.230748,-0.713707,12.953025,0.10274379,-0.41351503,1.0
2559,0.50259036,-0.15707573,4.1165295,-9.517045,-0.043423586,10.853634,0.13897353,-0.36006504,1.0
2560,0.4446256,-0.5312745,5.3388376,-10.79444,-0.56417054,8.601439,0.11930569,-0.30031553,1.0
2561,0.3073491,-0.44587284,2.402477,-4.857498,-0.9998064,7.8002715,0.10788953,-0.28043652,1.0
2562,0.41880235,-0.9251424,8.751472,-9.349082,-1.2096865,8.220105,0.06015225,-0.24948633,1.0
2563,0.1966899,-0.9722306,0.45176303,-4.2070866,-1.673354,8.35794,0.021517327,-0.21240574,1.0
2564,0.0833653,-0.886697,0.20329337,-9.056397,-1.0834367,5.429317,0.046498504,-0.269775,1.0
2565,0.10039372,-1.3315034,0.091482006,-17.102474,-0.94638187,0.938637,0.021764645,-0.4025284,1.0
2566,0.21131653,-1.216546,0.041166905,-14.859322,-0.7815163,-3.355397,-0.009525518,-0.49747476,1.0
2567,0.4018013,-0.9826282,0.018525107,-13.198464,-0.557214,-7.6788435,0.003358674,-0.6354183,1.0
2568,0.47006056,-1.061935,-3.478063,-18.96285,0.065596305,-9.573043,-0.018683188,-0.70832765,1.0
2569,0.6382186,-0.8658648,-1.5651283,-15.69649,0.20539299,-11.159749,-0.036713075,-0.8166807,1.0
2570,0.8342847,-0.9118212,-0.70430773,-20.086962,0.55394745,-11.887155,-0.026569843,-0.9749728,1.0
2571,1.0159123,-0.8283677,-0.31693846,-22.062674,0.9377077,-11.596904,-0.02365296,-1.1478773,1.0
2572,1.1506288,-1.0426277,-0.1426223,-22.951744,0.66381174,-10.509803,-0.03602791,-1.2288626,1.0
2573,1.2315804,-0.91838884,-0.06418004,-23.351824,0.88021344,-8.79783,-0.020721462,-1.2990034,1.0
2574,1.248777,-0.7650779,-0.028881017,-24.834736,1.2567834,-6.571884,-0.0011933168,-1.2895001,1.0
2575,1.1586928,-0.8781436,-0.012996457,-24.20154,0.94280964,-1.9480557,-3.9574783E-4,-1.2131525,1.0
2576,0.9946008,-0.58889353,-0.0058484054,-23.914234,1.0426661,2.073601,0.08086811,-1.1119741,1.0
2577,0.8198072,-0.46651134,-0.0026317826,-23.784945,1.2910496,3.921288,0.079466976,-1.0285494,1.0
2578,0.6792532,-0.6871135,-0.0011843024,-25.02964,0.91099656,3.9531963,0.09018292,-0.9886559,1.0
2579,0.59433126,-0.2723634,-5.3293596E-4,-17.775108,0.96482813,3.1482038,0.08690694,-1.0435704,1.0
2580,0.5391137,-0.7257508,-2.3982114E-4,-22.325214,0.53322023,2.6029794,0.088015325,-1.0371926,1.0
2581,0.5026241,-0.22623026,-1.07919506E-4,-16.558117,0.8148557,2.3405094,0.105384134,-1.0430193,1.0
2582,0.5140206,-0.221153,-4.856392E-5,-20.474693,1.1143082,0.73354465,0.13304417,-1.0961007,1.0
2583,0.5700778,-0.71620005,-2.1853573E-5,-16.37682,-0.018236697,-1.4041291,0.069117166,-1.1253351,1.0
2584,0.6683135,-1.3249476,-9.83387E-6,-20.39548,-0.79647666,-3.5605853,0.06362122,-1.2116199,1.0
2585,0.7944149,-1.0078814,-4.4251456E-6,-16.341173,-0.6893928,-5.3272686,0.07930023,-1.323216,1.0
2586,0.93796885,-2.056793,-1.991029E-6,-26.88884,-1.4814879,-6.9602184,0.046653826,-1.4246267,1.0
2587,1.0809201,-1.2507495,-8.957243E-7,-25.123518,0.16687782,-8.392025,0.017697614,-1.448671,1.0
2588,1.211205,-1.3851284,-4.0298048E-7,-24.318472,0.271663,-9.102149,-0.06477809,-1.4919693,1.0
2589,1.2768817,-1.6406314,-1.814367E-7,-25.282639,-0.50375533,-7.835519,-0.0039085303,-1.4218522,1.0
2590,1.2924626,-0.99866647,-8.212398E-8,-30.912498,1.0756744,-5.731087,0.06613355,-1.481961,1.0
2591,1.2404865,-1.2139096,-3.628734E-8,-33.445934,1.3124677,-2.9102879,-0.002354061,-1.4307935,1.0
2592,1.3014724,-1.5926964,3.4863994,-34.585983,0.7719382,-1.4055771,-0.02307201,-1.4731908,1.0
2593,1.2708592,-1.20438,1.5688797,-35.104332,1.5666282,-0.9331294,-0.010060037,-1.4839556,1.0
2594,1.1929145,-0.92059076,0.7059958,-30.123365,1.4933556,0.24826986,0.0063382676,-1.4912728,1.0
2595,1.0912576,-1.2106674,0.31769812,-39.602596,1.780561,1.2527989,0.039672717,-1.4366715,1.0
2596,1.1225941,-0.3655203,3.978143,-32.147583,2.3200202,1.7650702,0.10371435,-1.3407544,1.0
2597,1.1461729,-0.9887246,5.276564,-34.001724,1.514869,3.4207816,0.0546866,-1.2328413,1.0
2598,1.1476572,-0.40811157,6.2096324,-29.627192,1.5624864,5.4950085,0.16923451,-1.1685925,1.0
2599,1.0117608,-0.41728377,2.7943344,-32.867546,1.952488,6.378709,0.16266116,-1.2042224,1.0
2600,1.1140413,-0.6755572,8.927808,-29.116812,0.9023955,6.623549,0.17666794,-1.1267259,1.0
2601,1.1402534,-0.5380506,7.503913,-26.126104,0.6434261,6.307031,0.21182923,-1.0680412,1.0
2602,1.0297059,-0.55943483,3.376761,-26.083164,0.5755265,5.0745673,0.2150375,-1.0182537,1.0
2603,1.0261557,-1.2022666,5.0065756,-31.276285,-0.022994695,3.981594,0.1893928,-1.0218849,1.0
2604,1.0565422,-0.7468492,6.088138,-21.237535,-0.024053881,3.8711438,0.1551415,-0.9576173,1.0
2605,1.0606692,-1.3495194,6.2260613,-29.092203,-0.32829085,4.652143,0.14577122,-0.8923835,1.0
2606,1.0454671,-1.5716689,6.2881265,-26.11503,-0.7057071,5.30967,0.071903184,-0.83610845,1.0
2607,1.0160106,-1.6762253,6.6648355,-33.24139,-0.4724833,6.3410134,0.13491073,-0.75556,1.0
2608,0.9638338,-1.7099817,6.4855757,-34.49394,0.5686873,6.9861336,-0.03239008,-0.67924595,1.0
2609,0.9012911,-1.9022171,6.753688,-29.848686,0.045797016,7.8741803,-0.103364035,-0.57110965,1.0
2610,0.8583699,-1.6664852,6.525559,-32.96722,0.4405093,6.969903,-0.024790054,-0.5336979,1.0
2611,0.98305,-1.4576772,9.9093,-40.88233,1.4911458,5.0674057,0.025707154,-0.5070806,1.0
2612,1.0296485,-1.6451455,8.295515,-39.893124,1.133414,4.654228,3.40423E-4,-0.51061106,1.0
2613,0.90337855,-1.4166234,3.732982,-43.99899,1.8209809,4.42737,0.045253478,-0.49790773,1.0
2614,0.8486097,-1.2067096,5.515021,-41.28917,2.1826155,5.0573587,0.0048159123,-0.4274683,1.0
2615,0.7797572,-1.4837058,5.9681582,-44.62721,1.8943317,6.5527434,0.020731127,-0.32981005,1.0
2616,0.7377854,-0.6593443,6.52085,-41.571865,2.685296,6.808209,0.1209223,-0.30125308,1.0
2617,0.57303077,-0.9108867,2.9343824,-44.75442,2.7246678,6.8621335,0.0863826,-0.2901188,1.0
2618,0.3915749,-0.8294915,1.3204721,-41.629112,2.320048,6.3721857,0.123793446,-0.24416617,1.0
2619,0.23241854,-0.41553837,0.5942124,-38.268414,2.5302787,5.5739923,0.1702685,-0.17317142,1.0
2620,0.099517286,-0.93893874,0.2673956,-38.71041,1.6388549,4.883373,0.14425161,-0.07722801,1.0
2621,0.14113654,-0.56255645,3.6067274,-36.954994,1.9205041,3.9824004,0.19661628,-0.115156405,1.0
2622,6.67737E-5,-0.71062696,-2.212919,-38.123672,1.7430134,2.564701,0.19706252,-0.18253277,1.0
2623,-0.028454315,-1.1176049,-0.99581355,-30.179193,0.18412903,0.72907573,0.16240424,-0.1737143,1.0
2624,0.04286126,-0.94164866,-0.44811612,-35.070263,0.842428,-2.2062674,0.2090275,-0.28046057,1.0
2625,0.16554372,-1.0714827,-0.20165223,-35.31693,0.8574703,-4.444388,0.16455536,-0.38298786,1.0
2626,0.29098228,-1.1347713,-0.09074351,-28.916159,0.062377192,-5.3340964,0.15244952,-0.4504346,1.0
2627,0.41689035,-0.91749793,-0.040834576,-34.501896,0.71607906,-6.227188,0.22847058,-0.52167445,1.0
2628,0.5091275,-1.0399387,-0.018375559,-35.061165,0.5354621,-5.6447816,0.22657847,-0.5694933,1.0
2629,0.5892427,-1.0118433,-0.008269001,-35.312836,0.29697567,-5.8381476,0.28291318,-0.6057471,1.0
2630,0.6578364,-0.318215,-0.00372105,-30.217192,1.0888789,-6.0279927,0.2954306,-0.6272658,1.0
2631,0.71544755,-0.8048687,-0.0016744727,-33.138374,0.5102226,-6.089842,0.27770442,-0.6534432,1.0
2632,0.7713547,-0.25779143,-7.535124E-4,-27.93581,0.3661451,-6.290156,0.39696383,-0.71053857,1.0
2633,0.7710017,0.23724124,-3.3908038E-4,-19.734324,0.6293477,-4.4338746,0.36765882,-0.6661612,1.0
2634,0.72381437,-0.70569307,-1.5258635E-4,-21.903986,-0.7859822,-2.723133,0.31497645,-0.5721901,1.0
2635,0.65915215,-0.38195735,-6.8664245E-5,-22.880335,-0.22830631,-0.7416688,0.35466278,-0.6656481,1.0
2636,0.55415654,-0.62289274,-3.089867E-5,-24.622566,-0.18050942,1.7409253,0.2939073,-0.6298928,1.0
2637,0.44071817,-0.7982034,-1.3904736E-5,-17.591925,-1.0782588,3.1117122,0.24657907,-0.59444296,1.0
2638,0.3539468,-0.6903182,-6.2567015E-6,-20.939907,-0.6994849,3.1258984,0.2863077,-0.60228586,1.0
2639,0.28768113,-0.6417415,-2.8160885E-6,-16.586166,-0.9935489,2.920712,0.2684611,-0.5749967,1.0
2640,0.24346006,-0.75495034,-1.267192E-6,-20.487314,-0.8889054,2.3768594,0.2867718,-0.5425992,1.0
2641,0.20672475,-0.29341677,-5.700932E-7,-15.732245,-0.56270224,2.2921946,0.30276293,-0.5088305,1.0
2642,0.17097107,-0.99977005,-2.5687618E-7,-20.10305,-1.2795931,2.4071267,0.25835237,-0.4694174,1.0
2643,0.1566454,-0.5479807,-1.15546534E-7,-16.209581,-0.93128073,1.7017126,0.28408238,-0.46085116,1.0
2644,0.16435955,-0.7029715,-5.156622E-8,-20.317852,-0.63819325,0.8880773,0.25887752,-0.47799835,1.0
2645,0.20037068,-0.8141328,-2.291832E-8,-15.654804,-1.1681584,-0.37131837,0.21809143,-0.5123978,1.0
2646,0.25894493,-1.0167023,-1.050423E-8,-21.371078,-0.8390006,-1.3624893,0.20133312,-0.5949004,1.0
2647,0.30980185,-1.1820903,-4.77465E-9,-22.640526,-0.83869547,-1.6056759,0.16676359,-0.6005836,1.0
2648,0.35673794,-1.2889245,-1.90986E-9,-23.211779,-0.86934376,-1.5679584,0.14483804,-0.666362,1.0
2649,0.40353242,-1.2109189,-9.5493E-10,-23.46884,-0.46685484,-1.8787522,0.10853501,-0.6994942,1.0
2650,0.44807684,-1.281059,-0.0,-24.890259,-0.24857879,-2.0428233,0.073667206,-0.7391803,1.0
2651,0.4813843,-1.1391783,-0.0,-24.22416,0.014053169,-1.9276555,0.066281796,-0.74922466,1.0
2652,0.5175126,-1.1528941,-0.0,-30.436182,0.55527604,-2.2249253,0.0907909,-0.7833056,1.0
2653,0.5379172,-1.0097206,-0.0,-28.022697,0.5574138,-1.7989278,0.09428404,-0.79266435,1.0
2654,0.54443073,-0.90287405,-0.0,-32.145527,0.9409961,-1.0985954,0.1481356,-0.83166313,1.0
2655,0.51791704,-0.53227735,-0.0,-27.489027,1.2246703,0.12322718,0.14059067,-0.7798556,1.0
2656,0.45385796,-0.39770803,-0.0,-25.393604,1.0871851,1.865803,0.17135312,-0.71659577,1.0
2657,0.37806633,-0.21629542,-0.0,-25.753536,1.4314711,3.1439016,0.1843855,-0.71366256,1.0
2658,0.30306557,-0.27920642,-0.0,-24.612633,1.0580779,3.678474,0.20360292,-0.66968954,1.0
2659,-0.03756393,-0.54060453,-7.672661,-18.241043,-0.24977167,3.7660575,0.20917517,-0.6447436,1.0
2660,-0.51288575,-0.020037644,-13.911895,-21.23201,0.51746887,3.0963185,0.32358274,-0.6421388,1.0
2661,-0.9753706,-0.37863067,-16.71955,-22.577946,0.012827779,2.6577861,0.30805388,-0.6177002,1.0
2662,-1.1196492,-0.14937261,-11.358976,-17.323284,-0.7424814,1.8455,0.41722518,-0.6317745,1.0
2663,-1.3545984,0.4165012,-15.570737,-14.307248,0.0118519915,0.6650865,0.43133533,-0.66899997,1.0
2664,-1.0908809,-0.591633,-3.5204322,-12.950032,-1.9028339,0.24146056,0.3716387,-0.66919243,1.0
2665,-1.3435068,-0.15165028,-16.92491,-5.8275137,-1.955268,-0.5526445,0.39848775,-0.7710012,1.0
2666,-1.3014148,-0.5877983,-11.102609,-15.645923,-1.3624852,-1.7118161,0.33309647,-0.79085827,1.0
2667,-1.3658217,-1.0774806,-15.455372,-7.0406647,-2.9983826,-4.1447945,0.26887858,-0.8778367,1.0
2668,-1.2626065,-1.1300335,-13.927716,-9.68007,-2.7495875,-7.9098887,0.25928944,-1.0405498,1.0
2669,-1.183689,-1.61684,-16.727621,-17.380756,-2.4900637,-11.592266,0.1914103,-1.2403784,1.0
2670,-1.09909,-1.4475634,-17.986628,-14.333111,-2.2406876,-14.093852,0.14914586,-1.3832239,1.0
2671,-0.90595883,-1.537219,-15.764339,-20.776316,-1.7945142,-15.888202,0.16730839,-1.4679104,1.0
2672,-0.64257264,-1.3913158,-14.0667515,-22.372883,-1.1515313,-17.1347,0.14050217,-1.6820668,1.0
2673,-0.6302124,-1.3778774,-20.275637,-23.091337,-0.8224676,-17.791079,0.10277093,-1.8423018,1.0
2674,-0.54608864,-1.3312297,-19.583235,-23.414642,-0.5218555,-18.692245,0.074097306,-2.084239,1.0
2675,-0.28961286,-1.5578771,-15.785254,-30.0719,-0.18049595,-19.736498,0.065181255,-2.3390186,1.0
2676,-0.38981783,-1.7943962,-24.53536,-33.067665,-0.3622246,-19.774261,0.070605166,-2.4787462,1.0
2677,-0.3251029,-1.0133556,-18.711271,-29.206865,0.58792675,-16.240557,0.11162425,-2.5023239,1.0
2678,-0.11474592,-1.3751233,-11.907105,-39.194904,1.0297457,-12.092003,0.10236982,-2.4907973,1.0
2679,-0.17940426,-1.4753553,-15.817394,-37.17302,0.8822189,-8.131789,0.051592153,-2.45394,1.0
2680,-0.23968808,-1.15604,-14.090627,-36.263172,1.249772,-4.6841445,0.08514676,-2.4323547,1.0
2681,-0.033667315,-1.354561,-6.3407817,-42.36551,1.4591033,-3.0207074,0.09809746,-2.4772038,1.0
2682,0.12086473,-1.3137884,-6.688531,-40.554104,1.3440398,-2.992313,0.09684945,-2.545469,1.0
2683,0.40944424,-1.2153254,-3.0098386,-37.784657,1.0815467,-4.2125835,0.122947425,-2.6337042,1.0
2684,0.85323703,-1.6790199,2.131972,-43.05018,0.80808645,-5.4810233,0.10721769,-2.705465,1.0
2685,1.1675718,-1.3176008,0.95938736,-40.862206,0.9123796,-5.810937,0.17629862,-2.765864,1.0
2686,1.3944563,-1.1921445,0.43172434,-44.435074,1.4438927,-5.6221375,0.2004548,-2.823208,1.0
2687,1.5424602,-1.4045111,0.19427593,-46.049973,1.182921,-5.0377846,0.20090584,-2.772781,1.0
2688,1.6377971,-1.2071218,0.08742417,-42.21211,1.1265385,-4.0463033,0.20586628,-2.813317,1.0
2689,1.8252416,-1.1322267,3.5257401,-45.042534,1.4747994,-3.3603997,0.22871499,-2.8395839,1.0
2690,1.8788083,-1.4513758,1.5865831,-48.921974,1.2035503,-2.3617032,0.23723908,-2.8358896,1.0
2691,2.0868368,-1.2037663,7.686761,-41.550198,0.9861609,-0.17965688,0.21812819,-2.7602654,1.0
2692,2.1327643,-1.379044,6.9454417,-44.74467,0.9375815,2.8908486,0.22644424,-2.5647402,1.0
2693,2.2106905,-1.3376321,10.795807,-41.62473,0.93687004,7.169561,0.1796218,-2.4884017,1.0
2694,2.0820436,-1.3575424,8.344512,-44.77821,0.959688,10.730884,0.2308089,-2.2747798,1.0
2695,2.0424755,-1.5837058,11.425387,-48.80303,1.037738,12.648757,0.21533693,-2.1749868,1.0
2696,1.99483,-1.6449386,12.114223,-48.008442,0.6924183,13.47891,0.23714732,-1.9796761,1.0
2697,2.1178222,-1.8513296,16.959238,-50.262367,0.6663459,13.546507,0.21180074,-1.8687596,1.0
2698,2.1200924,-1.500107,14.604456,-48.665142,1.2996497,12.879933,0.19746989,-1.7066354,1.0
2699,2.0922017,-1.4462129,14.242363,-50.552147,1.2565421,12.559451,0.26170525,-1.5277961,1.0
2700,2.1166823,-1.536168,16.868261,-48.795544,1.1426072,13.427468,0.21412988,-1.2840707,1.0
2701,2.0434136,-1.3065954,15.261075,-50.61083,1.4398451,14.04965,0.28148475,-1.1188184,1.0
2702,2.04153,-1.2189884,17.326681,-48.821957,1.5687798,14.179252,0.25537914,-0.9828886,1.0
2703,1.9559076,-1.1622208,15.467364,-50.622707,1.4448181,13.945619,0.33291373,-0.81526953,1.0
2704,1.9444625,-0.6569658,17.419512,-42.31553,1.4589809,13.791469,0.34827045,-0.66613626,1.0
2705,1.8583652,-1.2392739,15.509138,-47.69482,0.9259969,13.53468,0.33679914,-0.5627406,1.0
2706,1.7107869,-0.93798554,13.953814,-41.003307,0.42373985,14.012963,0.39978078,-0.4453295,1.0
2707,1.7178599,-0.8623007,17.784752,-47.10432,1.0128564,13.966421,0.4460272,-0.29989684,1.0
2708,1.6138369,-0.7908401,14.975938,-40.732254,0.64817524,13.658258,0.40869522,-0.19084284,1.0
2709,1.5126244,-1.4841883,14.409529,-39.819138,-0.7407174,12.929195,0.38051304,-0.07206533,1.0
2710,1.5469643,-0.6354279,16.943485,-37.453922,-0.113327175,11.55712,0.5314659,-0.015750783,1.0
2711,1.5230334,-0.81443757,15.294926,-38.34389,-0.31164905,10.510838,0.51880777,0.07748693,1.0
2712,1.4541502,-1.5328894,13.8555155,-43.30183,-1.225383,9.909143,0.5156855,0.1593596,1.0
2713,1.4216467,-1.173509,13.905339,-33.81224,-1.172176,9.231313,0.4483075,0.12036976,1.0
2714,1.2218034,-1.3468374,9.743802,-34.750816,-1.3264347,9.661975,0.43100297,0.23938775,1.0
2715,1.149133,-1.770235,12.055069,-37.12749,-1.8483729,9.502597,0.41549212,0.28172433,1.0
2716,1.1025265,-2.1667237,12.398847,-42.75919,-1.6130811,9.429377,0.34329063,0.31655785,1.0
2717,0.9604314,-2.2314932,9.41466,-47.894466,-1.2618597,9.057484,0.36089697,0.36054763,1.0
2718,0.93193847,-2.15961,11.209395,-47.599594,-0.6718754,8.421462,0.27905896,0.3358478,1.0
2719,0.8281523,-1.7886986,8.879407,-42.909443,-0.5616443,7.924865,0.30097818,0.39448848,1.0
2720,0.7006103,-1.8310325,7.4821324,-51.868095,0.27205804,7.3263726,0.31898946,0.4649179,1.0
2721,0.581626,-1.4643995,7.2021384,-51.993473,0.8889359,7.051551,0.34712154,0.58956826,1.0
2722,0.36417288,-1.0816008,3.240962,-49.444145,1.2493232,6.209641,0.3724903,0.58491063,1.0
2723,0.287265,-1.1621867,5.293612,-50.902695,1.4536998,5.37932,0.33698612,0.5880178,1.0
2724,-0.005941305,-1.3377049,-1.1042742,-48.953297,1.009135,5.1875157,0.31191093,0.6357772,1.0
2725,-0.20750841,-1.4332796,-0.49692336,-50.690414,0.947299,4.7971916,0.32249177,0.6773106,1.0
2726,-0.3046834,-1.3614875,-0.2236155,-48.85777,0.8495744,2.500481,0.3290496,0.6644178,1.0
2727,-0.5680763,-1.5312124,-7.7709846,-50.63883,0.66565424,-1.7753651,0.3349859,0.68141955,1.0
2728,-0.6094449,-1.5372155,-6.983342,-48.834557,0.4408026,-7.2428904,0.3361052,0.5106379,1.0
2729,-0.60755193,-1.8581955,-10.115302,-54.534397,0.3663035,-12.605039,0.34619212,0.21514642,1.0
2730,0.09349733,-1.827786,6.9536505,-53.19331,0.14753698,-15.61022,0.36848527,0.05643998,1.0
2731,0.03783513,-1.8787402,-10.816455,-56.495834,0.37020212,-16.67679,0.37711936,-0.1398387,1.0
2732,0.23245643,-1.9585742,-4.8674045,-61.239162,0.67761177,-16.726791,0.3890943,-0.3039231,1.0
2733,0.47066846,-1.9591436,-2.190332,-60.11647,0.7747397,-15.472306,0.3498679,-0.43352565,1.0
2734,0.8037015,-1.6206806,2.50075,-53.09949,0.73340833,-13.735922,0.3401705,-0.54827565,1.0
2735,0.9590204,-1.8441997,1.1253375,-59.717976,1.0017684,-11.200881,0.34413472,-0.54701924,1.0
2736,1.0033514,-1.933146,0.50640184,-59.431934,1.028375,-8.292777,0.30172566,-0.5944786,1.0
2737,0.9485184,-1.7144812,0.22788082,-59.30322,1.1624166,-4.6434817,0.3547868,-0.5581063,1.0
2738,0.8224576,-2.0128474,0.10254637,-62.502483,1.2624418,-0.7608511,0.29309487,-0.5563324,1.0
2739,0.6581154,-1.893019,0.046145864,-60.684963,1.1785352,1.9563229,0.31474838,-0.48041266,1.0
2740,0.48833296,-1.9192765,0.02076564,-63.124268,1.4717708,3.621236,0.3028312,-0.41655153,1.0
2741,0.32893756,-1.5646024,0.009344537,-60.96477,1.6725422,4.4909873,0.35328624,-0.3363644,1.0
2742,0.19874401,-1.5739841,0.004205042,-63.25018,1.7688818,4.660767,0.3784745,-0.30832946,1.0
2743,-0.031242102,-1.44836,-3.484507,-61.02143,1.9316978,4.5021396,0.35153887,-0.2579875,1.0
2744,-0.11707136,-1.3508166,-1.5680282,-63.28643,1.9791645,3.4036071,0.4233646,-0.25656003,1.0
2745,-0.10387878,-1.2266477,-0.70561266,-61.03774,1.8799881,1.191232,0.44083595,-0.28099865,1.0
2746,-0.12491914,-1.0144182,-3.803925,-53.514065,1.4166609,-2.2809446,0.44863147,-0.36095333,1.0
2747,-0.12359838,-1.4153409,-5.546945,-52.73416,0.61032397,-5.309066,0.42799887,-0.5086613,1.0
2748,0.04619472,-1.5031494,-2.4961252,-56.28922,0.7913778,-7.1133747,0.43546784,-0.6762905,1.0
2749,0.52382827,-1.7671747,5.8495426,-57.888992,0.5838752,-8.547659,0.40779993,-0.7952699,1.0
2750,0.82184416,-1.733179,2.6322942,-52.09713,0.09840386,-9.881974,0.3893873,-0.9423209,1.0
2751,1.0393438,-2.182219,1.1845323,-59.259747,0.09204794,-11.005271,0.370353,-1.0758288,1.0
2752,1.2022251,-2.226741,0.5330395,-59.22573,0.12235549,-11.276258,0.34841478,-1.1782457,1.0
2753,1.338701,-2.0677135,0.23986778,-62.478363,0.59275013,-11.026598,0.3888983,-1.3841695,1.0
2754,1.5562614,-1.9189984,3.5943398,-67.18589,1.2966347,-10.010164,0.41408053,-1.4736495,1.0
2755,1.5865031,-1.6544379,1.6174529,-56.28073,0.6067384,-7.175197,0.41279164,-1.4092124,1.0
2756,1.6120936,-1.626994,4.5630326,-61.142365,1.1897762,-2.6598964,0.4180439,-1.3122158,1.0
2757,1.5215658,-1.0502648,5.5397644,-60.07291,1.9361117,3.04171,0.4757714,-1.0824603,1.0
2758,1.3586141,-1.2150437,6.3280725,-62.848846,1.8776704,8.33808,0.48121342,-0.97460496,1.0
2759,1.1599085,-0.56403357,6.334032,-54.329063,1.9727337,10.750999,0.5308791,-0.7872736,1.0
2760,1.1203059,-0.9861348,10.520672,-53.10091,1.1228824,11.953178,0.5010961,-0.6828316,1.0
2761,0.9648141,-1.1959728,8.220701,-49.94249,0.36015156,12.98787,0.4946384,-0.52282596,1.0
2762,0.7837459,-0.68352324,7.5344944,-51.126953,1.3824527,13.828566,0.5262452,-0.3739605,1.0
2763,0.6186512,-1.2423759,6.877556,-49.058945,0.12495639,13.19461,0.5010058,-0.26103052,1.0
2764,0.48630583,-1.2405179,6.930079,-43.56615,-0.87399244,12.737036,0.565547,-0.13514346,1.0
2765,0.3758117,-0.89124805,6.6049347,-45.651848,-0.07381691,11.79929,0.5945659,-0.0131453695,1.0
2766,0.29125533,-1.2771227,6.45862,-46.590412,-0.6608146,10.761301,0.5753956,0.10444097,1.0
2767,0.14420289,-0.9609861,2.906379,-42.45531,-0.70894796,8.719265,0.61595416,0.06393438,1.0
2768,0.07150717,-0.9458855,1.3078704,-38.6402,-0.8485404,4.413565,0.57012683,-0.021299431,1.0
2769,0.10514801,-1.5951984,0.5885417,-46.04092,-1.3562396,-0.54816616,0.57027066,-0.13609767,1.0
2770,0.22145604,-1.0113318,0.26484376,-40.253727,-0.8147735,-4.8207912,0.5728995,-0.25357622,1.0
2771,0.38900888,-1.314488,0.11917969,-39.6038,-1.2179307,-8.058153,0.5204548,-0.38739127,1.0
2772,0.5693672,-1.8552816,0.05363086,-43.8759,-1.6272775,-9.921718,0.4807507,-0.50829345,1.0
2773,0.7700021,-1.4437327,0.024133885,-45.791237,-1.0142536,-11.738559,0.56126386,-0.70711666,1.0
2774,0.95900196,-1.5876565,0.0108602485,-42.095684,-1.0712409,-12.837369,0.4461026,-0.80313396,1.0
2775,1.1390356,-2.009258,0.004887111,-51.501904,-1.1077394,-13.585342,0.48656166,-0.9525638,1.0
2776,1.2739547,-1.7321258,0.0021992,-49.22294,-0.53063494,-12.8613825,0.44169986,-1.0370545,1.0
2777,1.3232931,-1.3514209,9.896398E-4,-43.63995,-0.44572482,-10.151786,0.453775,-1.0405623,1.0
2778,1.2807939,-1.3279147,4.4533832E-4,-45.68506,-0.07355584,-6.275841,0.43832204,-1.0276289,1.0
2779,1.1515558,-1.0616692,2.0040256E-4,-46.60536,0.538527,-1.8636675,0.44668418,-0.97585285,1.0
2780,0.97524816,-1.4796864,9.018073E-5,-49.62524,0.23987012,1.5999064,0.4071717,-0.9281459,1.0
2781,0.80786663,-0.7620405,4.058166E-5,-41.866673,0.4995308,2.9951081,0.46753892,-0.9047771,1.0
2782,0.6902009,-1.0620239,1.826208E-5,-44.89182,0.40989557,2.5471237,0.4347031,-0.9227694,1.0
2783,0.6246191,-1.4194423,8.218128E-6,-41.690945,-0.37390414,1.6525753,0.37787387,-0.9768302,1.0
2784,0.71874976,-1.3978074,3.486403,-44.808006,-0.16860904,0.76147044,0.41191897,-0.9795982,1.0
2785,0.72548735,-1.0843061,1.5688814,-41.65323,0.10429049,0.5554953,0.41541785,-0.9747002,1.0
2786,0.70053375,-1.4594119,0.7059966,-44.79103,-0.5560767,-0.0227818,0.45633653,-0.8918815,1.0
2787,0.7017902,-1.4752594,0.31769848,-48.808796,-0.18829577,-1.4038187,0.46664104,-0.9420177,1.0
2788,0.7338891,-1.5906794,0.1429643,-48.01104,-0.3932466,-2.8378022,0.44467598,-1.0062374,1.0
2789,0.91987467,-1.7825831,3.5507333,-47.65205,-0.7183225,-4.203339,0.4245592,-1.084316,1.0
2790,0.9986621,-1.8315343,1.59783,-50.096256,-0.31495005,-4.291185,0.38560748,-1.1173649,1.0
2791,1.1223488,-1.7932266,4.206374,-48.597504,-0.32215244,-2.9308639,0.37096527,-1.0875388,1.0
2792,1.0908295,-1.8925425,1.8928684,-47.91596,-0.3477456,-1.0924135,0.3260316,-1.0429468,1.0
2793,0.9736464,-1.5863329,0.8517907,-50.215015,0.21988562,1.1856825,0.38384053,-0.9744711,1.0
2794,0.9439833,-1.8305516,3.8697052,-55.1556,0.52228,3.2534835,0.34121996,-0.92428476,1.0
2795,0.9215627,-1.4324884,5.2277665,-50.867104,0.5998352,5.2135696,0.38645217,-0.85577744,1.0
2796,0.9183034,-1.2987393,6.187674,-51.543026,0.9697662,6.0283923,0.38412896,-0.82365936,1.0
2797,0.7948764,-1.559096,2.7844532,-55.753212,0.8699047,5.5860844,0.39082044,-0.77170324,1.0
2798,0.66433686,-1.1676055,1.253004,-53.741776,1.0367689,4.5834713,0.46340764,-0.76938754,1.0
2799,0.55069983,-0.81350714,0.5638517,-50.230877,1.3225416,3.7958465,0.47227427,-0.7381175,1.0
2800,0.4668463,-0.9026184,0.25373328,-51.25673,1.0295744,2.9922826,0.5110703,-0.7277962,1.0
2801,0.42201436,-0.71553797,0.11417997,-42.604393,0.45938966,1.7738409,0.5058375,-0.72856575,1.0
2802,0.45625865,-1.0157815,0.051380984,-47.824806,0.45693862,-0.6868603,0.5013705,-0.8917075,1.0
2803,0.542349,-0.99214035,0.023121443,-41.056473,0.14646256,-2.8368883,0.4296472,-1.0232186,1.0
2804,0.6645046,-1.7484788,0.010404649,-47.128246,-0.7039471,-5.085343,0.42402732,-1.1044267,1.0
2805,0.83218384,-1.5694418,0.0046820915,-40.743023,-0.8097895,-7.575882,0.38059965,-1.2827971,1.0
2806,1.020847,-2.1886487,0.0021069415,-46.987194,-1.1722164,-9.608012,0.34354493,-1.4230808,1.0
2807,1.2169194,-2.375642,9.481233E-4,-47.191315,-1.249036,-10.945185,0.2934733,-1.604575,1.0
2808,1.3307556,-2.2447672,4.2665604E-4,-53.79494,0.23215717,-9.947728,0.2154435,-1.4721454,1.0
2809,1.3540622,-2.5497222,1.9199535E-4,-52.860554,0.09482159,-7.581061,0.11061476,-1.3454725,1.0
2810,1.3019792,-2.663706,8.639729E-5,-49.84144,-0.2897237,-4.5597043,0.076096505,-1.2789103,1.0
2811,1.2246441,-1.9283438,3.887902E-5,-61.49927,2.029975,-2.40974,0.1712259,-1.3300272,1.0
2812,1.131679,-2.034274,1.7495273E-5,-63.490707,1.983861,-0.8526793,0.18035124,-1.3173448,1.0
2813,1.0710462,-1.5929313,7.873397E-6,-61.129665,1.9587266,-0.81487846,0.2971496,-1.4091661,1.0
2814,1.0427411,-1.5319291,3.5427904E-6,-70.487595,2.9373097,-1.436896,0.3353132,-1.4542223,1.0
2815,1.007789,-1.3333908,1.5947331E-6,-64.27827,2.5417023,-0.8254217,0.35235572,-1.4489305,1.0
2816,0.9958456,-0.71776944,7.1715243E-7,-61.484066,3.1666462,-1.0718412,0.4111334,-1.5265026,1.0
2817,1.1392696,-0.83028144,3.835179,-56.32066,2.598595,-0.9643238,0.36649677,-1.6503786,1.0
2818,1.2537912,-1.5649449,5.2122297,-51.391376,0.6487562,0.98292035,0.3407821,-1.6012127,1.0
2819,1.3414943,-1.1749918,6.180682,-58.942154,2.0493858,2.461834,0.38885182,-1.5578301,1.0
2820,1.2791466,-1.854253,2.781307,-59.08874,1.3496614,2.8194995,0.26764637,-1.5606354,1.0
2821,1.314596,-2.4676092,5.086767,-55.242764,0.022774084,3.2933147,0.19953012,-1.635933,1.0
2822,1.3413987,-1.8255873,5.7754445,-50.906326,0.36028653,3.814089,0.28693628,-1.5205101,1.0
2823,1.3251354,-2.232789,6.4341288,-58.72388,0.40001425,6.1767716,0.2878579,-1.4219369,1.0
2824,1.2716913,-2.4075768,6.38144,-65.49281,1.2332798,7.7499785,0.21477139,-1.3678054,1.0
2825,1.0507171,-1.9085411,2.871648,-65.287796,2.1538863,9.459992,0.23159552,-1.2290456,1.0
2826,1.0242875,-2.036882,8.26504,-61.93836,1.456056,10.660393,0.23950744,-1.0208094,1.0
2827,0.97240806,-1.614512,7.554447,-63.688297,2.3035135,10.350899,0.28006986,-0.9272218,1.0
2828,1.0538509,-1.0567396,10.372299,-61.218582,2.9581087,8.926986,0.31929976,-0.8532324,1.0
2829,1.0786196,-1.275108,8.503865,-63.37515,2.5944722,7.3503942,0.3461013,-0.8340023,1.0
2830,1.1054808,-0.5113767,7.3131385,-54.565895,2.819934,5.131345,0.4083267,-0.8783195,1.0
2831,1.1139604,-0.7694637,7.126091,-53.207485,2.1868112,4.7347603,0.39774588,-0.7733081,1.0
2832,1.0332594,-0.90781105,6.6931405,-49.99045,1.0013912,6.8490186,0.48891184,-0.55181956,1.0
2833,0.78087085,0.30163124,3.011913,-51.148533,2.8034248,8.622523,0.63665855,-0.39061725,1.0
2834,0.64726865,-0.87436384,4.84176,-49.063923,0.404716,8.363287,0.58565086,-0.3094118,1.0
2835,0.4315526,-1.1282791,2.178792,-43.56839,-1.2306523,8.915493,0.6678247,-0.2704078,1.0
2836,0.37736028,-0.18314435,4.4668555,-39.141087,-0.08395229,7.5867267,0.7229945,-0.28831068,1.0
2837,0.25813597,-1.1162719,2.010085,-39.10311,-1.1521223,6.3848214,0.570254,-0.18797234,1.0
2838,0.13083674,-1.4065949,0.9045382,-37.13171,-2.084161,5.614362,0.5875623,-0.10266604,1.0
2839,0.04817897,-0.7183152,0.40704218,-29.735178,-1.2930126,4.224445,0.552761,-0.14343253,1.0
2840,-0.15365368,-1.8251146,-3.65201,-42.03366,-1.9953963,3.58842,0.5183432,-0.11194513,1.0
2841,-0.32163975,-1.2647341,-5.1298037,-31.93869,-1.8450431,2.2603157,0.4947137,-0.22179623,1.0
2842,-0.43495792,-1.6767026,-5.794811,-40.41949,-1.078398,0.60028696,0.38156042,-0.2726206,1.0
2843,-0.6527754,-1.9799466,-10.278023,-39.678394,-1.5136712,-0.9054099,0.33276173,-0.28240108,1.0
2844,0.056082457,-0.90474784,12.806888,-37.39059,-0.05350197,-2.5183635,0.42301157,-0.3463646,1.0
2845,0.6328835,-1.1461605,12.735898,-42.872845,0.18429086,-3.6395078,0.40344673,-0.42265624,1.0
2846,0.8350429,-0.85253745,5.731154,-38.82809,0.24693413,-3.7626402,0.41853118,-0.48770395,1.0
2847,0.9120964,0.13335608,2.5790193,-31.799057,1.0590814,-5.0611563,0.49474898,-0.55621636,1.0
2848,1.0556716,-0.26950508,4.647592,-33.84844,0.7490765,-5.3943515,0.44357818,-0.5754091,1.0
2849,1.0587522,-0.8463762,2.0914164,-29.558212,-0.89046925,-4.5413184,0.4338564,-0.592816,1.0
2850,1.0162511,-0.48738343,0.9411373,-32.836506,-0.28396586,-3.8750908,0.5234277,-0.6729189,1.0
2851,0.92172974,-0.47419974,0.4235118,-27.799969,-0.71040344,-1.8628334,0.5021132,-0.65694726,1.0
2852,0.9406111,-1.241869,4.025759,-26.836401,-2.040664,0.25358573,0.43591827,-0.6912822,1.0
2853,0.81243396,-0.7517629,1.8115915,-25.09992,-1.6784636,2.3416157,0.5156809,-0.5354186,1.0
2854,0.7051428,-1.2157589,4.3016157,-30.830276,-1.8458825,5.93858,0.49054068,-0.33843622,1.0
2855,0.4439997,-1.2710664,1.935727,-28.20004,-2.056464,9.785708,0.45479456,-0.2262835,1.0
2856,0.276204,-1.1842331,4.3574767,-32.22533,-1.5059066,12.144399,0.47057137,-0.17922279,1.0
2857,0.0022001802,-1.5578429,1.9608644,-28.832115,-2.0438378,13.901081,0.36152437,-0.007980113,1.0
2858,-0.28841737,-1.6763663,0.8823889,-32.50976,-1.8062857,14.781364,0.35046828,0.16520694,1.0
2859,-0.52138513,-0.9813212,0.397075,-28.955809,-0.60163385,14.32262,0.32267848,0.16973211,1.0
2860,-1.1904091,-1.3185011,-13.766914,-32.565426,-0.67354965,12.4774275,0.28498095,0.27891865,1.0
2861,-2.0761764,-1.2028372,-27.113506,-34.18975,-0.4077183,7.3774366,0.31304392,0.20380908,1.0
2862,-2.5217748,-0.57789433,-23.706614,-29.711803,0.30873892,2.0665956,0.326124,0.15596572,1.0
2863,-2.6632326,-1.4549325,-21.127174,-39.417393,0.047461975,-2.5762842,0.24713287,0.044494428,1.0
2864,-2.4795501,-0.5461374,-16.480026,-30.761366,0.4885185,-7.088498,0.32752317,-0.20934162,1.0
2865,-2.4283834,-1.0303955,-22.756727,-35.33224,0.3552786,-12.301465,0.2665324,-0.44733453,1.0
2866,-1.901376,-0.9439631,-13.726927,-28.923048,-0.31853473,-17.892797,0.28744343,-0.81075865,1.0
2867,-1.5699507,-1.054803,-20.125252,-32.554234,-0.023250768,-22.91622,0.26853368,-1.2327542,1.0
2868,-1.032336,-1.2267826,-16.029161,-34.184715,-0.09811035,-27.064066,0.2518675,-1.6151896,1.0
2869,-0.3164887,-1.4711103,-10.699522,-34.918434,-0.47375542,-29.852455,0.24330017,-2.0147102,1.0
2870,0.10641888,-1.8280396,-16.32032,-37.20292,-0.7314862,-31.422121,0.20442888,-2.3432772,1.0
2871,0.6093547,-2.162601,-10.8305435,-36.276627,-1.2950816,-29.31191,0.16276912,-2.5056791,1.0
2872,1.0525419,-2.078876,-4.873745,-48.883327,-0.064628616,-21.818666,0.22970673,-2.4443054,1.0
2873,1.0923736,-1.5250467,-5.6795845,-41.532806,0.8114323,-9.995471,0.13229512,-2.194152,1.0
2874,0.85927284,-2.0562553,-6.0422125,-44.736847,0.13064219,1.2323618,0.12140793,-2.0216384,1.0
2875,0.58833015,-1.4140122,-2.7189956,-48.784412,1.6763682,10.251314,0.16581504,-1.8047253,1.0
2876,0.41633898,-1.3573765,2.2634857,-54.517754,2.291364,15.598104,0.1932702,-1.5361922,1.0
2877,0.31423458,-1.5136548,4.8537474,-46.022614,1.3967056,17.938501,0.12324429,-1.4150568,1.0
2878,0.11671521,-1.4785632,2.1841862,-53.269024,1.9581199,17.63494,0.18232153,-1.195588,1.0
2879,-0.10206416,-1.4270391,0.9828838,-45.460686,1.1980909,17.63567,0.17764828,-1.0176841,1.0
2880,-0.29664487,-1.2892864,0.44229767,-53.01616,1.4882075,17.214308,0.3267452,-0.90255433,1.0
2881,-0.5518503,-0.7041283,-3.6361449,-52.5101,2.4794457,14.712246,0.35658652,-0.83755845,1.0
2882,-0.81828225,-0.86278695,-8.609064,-49.67663,1.9872732,9.563,0.32845202,-0.8815742,1.0
2883,-0.9574896,-0.46546015,-10.846877,-41.889793,1.8093196,2.7886121,0.34856883,-0.9549863,1.0
2884,-0.82844716,-0.6018721,-8.716273,-40.34003,1.2426999,-4.276153,0.36678696,-1.0753995,1.0
2885,-0.31480473,-1.1067837,-0.4359236,-44.200096,0.7578007,-8.79127,0.34498754,-1.2495991,1.0
2886,-0.46299538,-1.3974159,-17.631332,-39.42891,0.068201326,-11.521613,0.2650196,-1.4253304,1.0
2887,-0.30535483,-1.7036142,-11.4205,-37.27832,-0.46834096,-12.828712,0.2047399,-1.5841813,1.0
2888,0.014433409,-1.8638852,-5.1392245,-38.26487,-0.58021384,-11.439203,0.18574892,-1.5769063,1.0
2889,0.25099948,-2.368214,-2.312651,-49.778038,-0.017587323,-6.7334566,0.13438775,-1.4476492,1.0
2890,0.3307185,-0.797005,-1.0406929,-48.447197,1.7030503,-0.7628184,0.37731352,-1.2358117,1.0
2891,0.2523214,-0.98977613,-0.4683118,-47.84832,1.2614963,6.0619535,0.37201926,-1.0671468,1.0
2892,0.091618635,-0.13100788,-0.2107403,-35.858162,1.1840814,10.610801,0.45768142,-0.93517447,1.0
2893,-0.06888721,-0.168409,-0.09483313,-35.671482,1.1460053,11.8269005,0.44702104,-0.81096345,1.0
2894,-0.60824937,-1.0213828,-10.501873,-35.58748,-0.40325472,13.193487,0.40533468,-0.7258261,1.0
2895,-1.5104281,-0.064881295,-23.905573,-37.50829,1.2771217,12.395215,0.49802127,-0.59287196,1.0
2896,-2.2476165,-0.22065242,-24.703106,-29.90227,0.23363231,12.165854,0.47151834,-0.45980662,1.0
2897,-2.744738,-1.5313588,-21.575594,-32.991333,-1.8618425,13.180942,0.4218547,-0.2959524,1.0
2898,-3.0455499,-0.15150075,-21.214556,-29.172516,0.32809457,9.565052,0.46566665,-0.26463994,1.0
2899,-3.0926867,-1.0738701,-20.005747,-32.66294,-0.9339226,3.0822847,0.4202759,-0.3360315,1.0
2900,-2.9686868,-1.2667568,-22.948183,-27.721865,-1.7538921,-8.284213,0.39491904,-0.6122648,1.0
2901,-2.5809891,-1.1086539,-24.27228,-25.49838,-1.4305797,-21.571053,0.35249785,-1.1525763,1.0
2902,-1.8643796,-1.8895701,-18.592882,-25.800688,-2.736582,-29.555779,0.3027292,-1.5365478,1.0
2903,-1.6601115,-1.8515203,-32.77159,-31.14562,-1.9887418,-34.67105,0.29328173,-2.008412,1.0
2904,-1.1235723,-0.9626923,-25.209269,-33.55617,-0.42336726,-37.779602,0.39123788,-2.3338315,1.0
2905,-0.3914817,-1.2346876,-18.316969,-28.123817,-1.3809896,-38.446808,0.3511378,-2.7616997,1.0
2906,0.45176774,-1.3350978,-11.729035,-32.19103,-1.2603048,-38.451065,0.37463227,-3.072015,1.0
2907,0.868075,-1.2629383,-15.737264,-34.021275,-1.0507529,-33.4025,0.40060738,-3.1788335,1.0
2908,1.1888274,-1.1340885,-10.916947,-29.635988,-1.1968856,-24.119432,0.3852975,-3.2876399,1.0
2909,1.280353,-1.0444508,-8.399025,-39.383278,-0.4313347,-13.539208,0.47798914,-3.0413775,1.0
2910,1.0893666,-0.8691081,-7.2659607,-37.257786,0.070645735,-0.08039199,0.41204014,-2.8183339,1.0
2911,0.917946,-0.93029296,0.21671712,-36.301315,-0.2810051,11.889689,0.43140692,-2.4190342,1.0
2912,0.63813573,-0.69003534,0.097522706,-37.82522,0.29046887,17.782116,0.44929972,-2.2376106,1.0
2913,0.48474643,-0.8690112,3.531236,-36.56199,0.089032315,19.510643,0.3944581,-2.030289,1.0
2914,0.26582152,-1.062714,1.5890563,-29.476435,-0.7349696,19.73897,0.3266886,-1.8312322,1.0
2915,0.2188536,-1.284502,4.5502543,-34.75402,-0.6397522,18.129597,0.3347165,-1.6910489,1.0
2916,0.056955397,-1.2341793,-1.4387852,-35.17462,-0.47466063,13.952361,0.33279577,-1.738886,1.0
2917,-0.04626751,-1.583083,-4.482632,-37.318203,-0.6883257,7.902424,0.28646293,-1.8067707,1.0
2918,0.24781026,-1.620776,1.4692149,-36.328503,-0.79237366,1.2325926,0.2714404,-1.9812537,1.0
2919,0.56677246,-2.0480504,0.6611467,-42.39491,-0.9520901,-3.7978878,0.2651677,-2.1290255,1.0
2920,0.87598294,-1.5639263,0.29751602,-40.567333,-0.2218791,-7.008956,0.27756962,-2.2145977,1.0
2921,1.1866125,-1.8580644,0.13388221,-44.30238,0.016532509,-9.78374,0.20432287,-2.3822403,1.0
2922,1.5046651,-1.6208911,0.060246993,-39.471382,-0.109632075,-12.819155,0.2161656,-2.5325236,1.0
2923,1.9480574,-1.6456567,3.8630574,-46.42069,0.5414771,-14.71597,0.2323645,-2.7017345,1.0
2924,2.360182,-1.6965855,5.2247753,-46.93639,0.69145805,-14.894476,0.19833098,-2.8352678,1.0
2925,2.6215653,-1.5213091,6.186328,-49.774208,0.56712186,-10.909391,0.3391125,-2.756072,1.0
2926,2.6696496,-1.1282707,6.270247,-48.445477,1.1159871,-3.7144887,0.35955542,-2.6772718,1.0
2927,2.5974379,-1.2772521,9.79441,-54.35931,1.2242421,5.433415,0.40388024,-2.2835307,1.0
2928,2.2649124,-0.7169025,8.242662,-45.951313,1.5637045,14.385016,0.3806464,-1.9847709,1.0
2929,1.9390786,-0.73701894,10.681997,-46.725174,1.537254,20.124754,0.39306745,-1.6675383,1.0
2930,1.6709951,-0.9960234,12.477257,-42.515953,0.5170333,22.504517,0.39249548,-1.4087918,1.0
2931,1.566275,-0.9983517,16.073963,-38.667492,0.0903014,22.380545,0.38917726,-1.1706597,1.0
2932,1.440138,-1.1437199,14.905944,-46.061802,0.55868036,21.382408,0.4021855,-0.9892354,1.0
2933,1.4399813,-1.381013,17.166872,-40.263123,-0.4002424,19.694765,0.3675294,-0.8413066,1.0
2934,1.3830172,-1.3080302,15.395451,-39.608032,-0.4706464,18.846447,0.39307356,-0.76395905,1.0
2935,1.2977797,-1.8727578,13.900752,-43.870693,-0.47891536,17.558662,0.27520806,-0.66011393,1.0
2936,1.1215454,-1.7729769,10.090517,-41.231438,-0.8063182,15.586157,0.3155771,-0.56175196,1.0
2937,1.0788498,-2.1233299,11.513532,-51.11299,-0.4036501,12.969484,0.31527543,-0.47232386,1.0
2938,1.1324165,-1.8385144,12.153888,-49.04793,0.008074634,9.8493595,0.30608022,-0.4709806,1.0
2939,1.1468391,-2.264015,9.304428,-50.7244,0.22435816,7.194857,0.1485127,-0.6436978,1.0
2940,1.2894177,-2.2520869,11.159791,-48.87306,0.32067844,4.705591,0.099605165,-0.7494473,1.0
2941,1.3474414,-1.9506243,8.857084,-57.808914,1.5057695,2.7284517,0.18051574,-0.6811818,1.0
2942,1.4775617,-1.4980699,10.959755,-58.57878,2.3324394,2.1627514,0.21617249,-0.6635777,1.0
2943,1.6618907,-0.7974627,12.602247,-55.013283,3.0409775,0.86115074,0.27592745,-0.64820397,1.0
2944,1.7040768,-0.58510315,9.157411,-57.314827,3.4929361,-0.23457588,0.32004037,-0.6671583,1.0
2945,1.8294045,-0.29252577,11.791192,-47.281296,3.0700636,-0.40284353,0.30004096,-0.62066066,1.0
2946,1.9023272,-0.71935946,12.278835,-40.811893,1.500762,1.336796,0.28913233,-0.5740926,1.0
2947,1.9188781,-0.26972398,13.195834,-47.018185,2.2686849,3.9547365,0.44139355,-0.42185783,1.0
2948,1.821423,-0.5801787,12.910924,-47.20526,2.0778348,8.302536,0.36596426,-0.3331189,1.0
2949,1.5149955,-1.4157608,9.645095,-35.568783,-0.7089367,12.675146,0.3156092,-0.14646849,1.0
2950,1.2858452,-0.3456649,11.313091,-35.541264,0.67937,14.499151,0.46108836,-0.021680031,1.0
2951,1.0911902,-0.796732,12.065593,-42.047756,0.5288602,15.535103,0.45312122,0.16511859,1.0
2952,0.8038869,-0.50015223,9.264695,-33.247906,-0.084722504,16.040571,0.49189705,0.36280808,1.0
2953,0.65320474,-0.08393756,11.83947,-29.287973,0.4006912,16.134377,0.4797383,0.52109045,1.0
2954,0.3610299,-0.66467345,8.814161,-26.203129,-0.9410115,17.4858,0.44096553,0.8230958,1.0
2955,0.06682624,-0.5610824,7.8015513,-26.117825,-0.7193862,18.0992,0.43830368,0.97601825,1.0
2956,-0.299696,0.3318117,3.510698,-18.264791,0.15219302,16.393045,0.4543643,1.1232272,1.0
2957,-0.8368837,-0.8821321,-6.0905433,-22.545572,-1.3360494,11.917167,0.35848558,1.1073484,1.0
2958,-0.71357715,-0.8751,4.2263517,-16.65195,-1.8631958,4.3523345,0.33561656,1.0283875,1.0
2959,-0.78074145,-0.5601272,-5.7754116,-21.832703,-0.53694177,-3.8888772,0.3228939,0.7788603,1.0
2960,-0.8537592,-1.0760936,-9.571734,-22.848257,-1.30219,-8.613792,0.28925273,0.6229919,1.0
2961,-1.0274569,-0.69985825,-14.76838,-23.307625,-1.0407108,-11.054938,0.38895532,0.4593565,1.0
2962,-1.2226417,-0.1811783,-17.104969,-17.000202,-0.25191408,-11.439352,0.31491962,0.33865643,1.0
2963,-1.189206,-0.37228376,-11.532414,-14.813298,-0.6067111,-10.361697,0.26395446,0.30646652,1.0
2964,-1.5413082,0.179446,-22.621584,-13.177754,0.16866311,-10.597657,0.29665422,0.16067779,1.0
2965,-1.5846264,-0.02898759,-17.152512,-12.44176,-0.037074443,-11.199531,0.24244659,0.021068094,1.0
2966,-1.5163758,-0.04248759,-15.388988,-5.598792,-0.7663914,-12.308941,0.22817762,-0.09712561,1.0
2967,-1.3420167,0.13299838,-13.897843,-9.031227,-0.28048185,-14.100358,0.27552706,-0.33980888,1.0
2968,-1.11839,-0.4496481,-13.226828,-10.575822,-0.81419927,-16.005547,0.18823554,-0.54219705,1.0
2969,-1.1228336,-0.2720515,-19.897669,-4.75912,-1.19807,-17.761751,0.20357731,-0.7660797,1.0
2970,-0.81439066,-0.18341674,-12.441302,-2.141604,-0.9894538,-18.544563,0.1477181,-0.96765214,1.0
2971,-0.80640095,-0.76666903,-19.544184,-7.4754925,-1.5205898,-18.725777,0.13473424,-1.1504933,1.0
2972,-0.6542864,-0.4441495,-16.46524,-3.3639712,-1.2005635,-19.037909,0.11441058,-1.3686924,1.0
2973,-0.4093832,-0.8053463,-14.382156,-8.0255575,-1.1182754,-19.987637,0.062229455,-1.623458,1.0
2974,-0.15767221,-0.8514259,-13.444769,-3.611501,-1.4529926,-20.170862,0.01610625,-1.8185977,1.0
2975,-0.060441963,-1.0909548,-16.509344,-8.136946,-1.2735871,-19.499216,-0.01169865,-2.033582,1.0
2976,0.038237367,-0.8890015,-14.402003,-10.173396,-0.51296437,-16.669271,-0.03004143,-2.0721729,1.0
2977,0.26801813,-0.9270968,-6.4809012,-11.089799,-0.13794626,-10.401128,-0.090624765,-2.0289452,1.0
2978,0.41465718,-0.6842322,-2.9164054,-11.502179,0.45568305,-3.456567,-0.09762514,-1.886702,1.0
2979,0.44830775,-0.72517055,-1.3123825,-19.506697,1.1738383,2.412125,-0.07820728,-1.7462274,1.0
2980,0.54525006,-0.32994345,2.8958275,-15.2897835,1.4234059,5.552879,-0.062338818,-1.610728,1.0
2981,0.6618766,-0.035577673,4.7895217,-13.392173,1.5351486,6.4905477,-0.013055747,-1.5515623,1.0
2982,0.6573905,-0.33197957,2.1552846,-13.189686,1.1631104,6.252763,-0.059676945,-1.5212823,1.0
2983,0.74602693,0.01627716,4.4562774,-5.9353585,1.0364848,5.508673,-0.05575587,-1.4719868,1.0
2984,0.7247905,-0.3793641,2.0053248,-9.182682,0.7114258,5.4029284,-0.07801221,-1.4486105,1.0
2985,0.80572444,-0.30338386,4.737575,-11.295415,0.8713273,5.1289005,-0.036417913,-1.3928838,1.0
2986,0.803196,-0.47078285,2.1319087,-11.594707,0.7331766,3.7275028,-0.06695457,-1.399657,1.0
2987,1.079952,-0.122766554,8.629717,-5.217618,0.46474564,1.623081,-0.021219919,-1.4045435,1.0
2988,1.1700128,-0.3872745,3.8833723,-8.859698,0.2902436,-0.5492149,-0.014298036,-1.4374939,1.0
2989,1.3441106,-0.71617234,5.234551,-10.499818,-0.15415296,-2.865773,-0.023609858,-1.5040627,1.0
2990,1.5365505,-0.3803946,6.190727,-4.7249184,-0.16796368,-3.8492856,-0.014373361,-1.5314413,1.0
2991,1.637847,-0.80448425,6.2722263,-8.637983,-0.30927384,-1.9352355,-0.06551968,-1.4450859,1.0
2992,1.6091689,-1.1844171,6.3089013,-10.398864,-0.6241234,2.3106167,-0.113431275,-1.27642,1.0
2993,1.4943066,-1.1846944,6.6741843,-11.842696,-0.4586106,6.7262154,-0.113686614,-1.151345,1.0
2994,1.4302952,-1.0362582,9.976181,-18.352755,0.33580568,10.3009615,-0.06867613,-0.9788866,1.0
2995,1.2616192,-0.8273259,7.975681,-14.77051,0.57636815,12.174615,-0.10584236,-0.910975,1.0
2996,1.1042238,-0.8667338,7.4242353,-13.8099375,0.27308175,11.687724,-0.08667343,-0.77721894,1.0
2997,1.1048962,-0.922682,10.3137045,-19.238012,0.7952892,10.572381,-0.08962753,-0.7365946,1.0
2998,1.0536464,-0.47521117,8.128201,-15.170059,1.1873626,8.659817,-0.076434754,-0.64692694,1.0
2999,1.138717,-0.67910594,11.328049,-21.152943,1.3140179,7.7274985,-0.053428795,-0.56764334,1.0
3000,1.0987082,-0.51487416,8.584021,-16.030594,1.137706,7.5539527,-0.06510555,-0.49155805,1.0
3001,1.0213188,-0.2648943,7.697988,-14.376975,1.1359835,7.709518,-0.0073834523,-0.40398568,1.0
3002,1.0582992,-0.41103226,10.436893,-19.493181,1.4215617,7.5187335,-0.008177961,-0.3545484,1.0
3003,1.001917,-0.21263005,8.1830015,-15.283702,1.0990702,7.2693157,0.03579435,-0.28954297,1.0
3004,0.9405424,-0.36191353,7.5175295,-14.040873,0.6190207,6.957356,0.04029744,-0.28843033,1.0
3005,1.011683,-0.5185549,10.355686,-12.830163,0.24017301,5.917146,0.025309388,-0.2461947,1.0
3006,1.0257884,-0.74062026,8.495237,-12.936782,-0.0845792,4.7396975,0.0034747839,-0.26664495,1.0
3007,1.0103902,-1.2540414,7.309256,-18.845093,-0.36696142,3.8451707,-0.015952418,-0.2547156,1.0
3008,0.99451846,-1.1835388,7.1251116,-15.644932,-0.6884134,3.5691605,0.0016820327,-0.23185918,1.0
3009,0.94918424,-1.3978544,6.6926994,-20.06376,-0.5291836,4.099825,-0.015688403,-0.18036735,1.0
3010,0.85847515,-1.0927881,6.498114,-22.052233,0.25403863,5.827403,-0.0016776038,-0.07528326,1.0
3011,0.7756663,-1.3187114,6.7593303,-17.086712,0.011067085,6.711851,-0.13950336,-0.041857954,1.0
3012,0.7061147,-1.2854514,6.528098,-20.71256,0.3253723,6.588225,-0.110046975,-0.04321529,1.0
3013,0.5463561,-1.2434723,2.9376438,-23.647068,0.8280334,5.5971336,-0.12364094,-0.072026476,1.0
3014,0.50833386,-1.5525509,4.8083386,-30.176493,0.94051075,4.361511,-0.1253024,-0.012516491,1.0
3015,0.41881898,-1.2176397,2.1637526,-33.11473,1.7513726,3.0777156,-0.08640218,-0.08573734,1.0
3016,0.32440746,-1.16423,0.9736886,-29.228046,1.498478,2.011563,-0.100348495,-0.054869305,1.0
3017,0.23519698,-1.2342694,0.43815985,-32.691483,1.4956174,1.9259458,-0.05656763,-0.06460343,1.0
3018,0.15172632,-0.47237867,0.19717193,-29.037584,2.370924,2.3919833,-0.005331775,-0.09208177,1.0
3019,0.084361374,-0.9121546,0.08872736,-32.602222,2.0352774,2.3395336,-0.035412695,-0.09110965,1.0
3020,0.036993477,-1.1226431,0.039927315,-36.160625,1.8070723,1.8621132,-0.0014666292,-0.06506444,1.0
3021,0.035415716,-0.47492585,0.017967291,-29.295822,2.0517988,0.51564085,0.05404113,-0.12984991,1.0
3022,0.08545655,-0.9011275,0.008085281,-32.71843,1.6139673,-1.585785,0.04376875,-0.19857039,1.0
3023,0.18731844,-0.6580109,0.003638376,-29.04971,1.4538543,-4.0163097,0.08658774,-0.30695227,1.0
3024,0.3211036,-0.87586266,0.0016372696,-32.60768,1.2411207,-6.1051135,0.11526183,-0.40619758,1.0
3025,0.45968655,-0.9807772,7.367715E-4,-28.999872,0.5783135,-7.1607985,0.12057518,-0.51439625,1.0
3026,0.59011954,-0.98918843,3.315469E-4,-32.590584,0.86452943,-7.601895,0.13918997,-0.6275649,1.0
3027,0.71627206,-0.91153973,1.4919636E-4,-27.689304,0.7631747,-8.060091,0.08772802,-0.75350666,1.0
3028,0.78498405,-0.47613302,6.7138266E-5,-26.786602,1.3287535,-6.3463883,0.12915254,-0.8022632,1.0
3029,0.7277769,0.55255187,3.0212077E-5,-31.589281,4.2515354,-1.3261673,0.09011664,-0.7398244,1.0
3030,0.5295716,2.4490612,1.3595339E-5,-28.541594,7.694786,5.575736,0.118725814,-0.6339707,1.0
3031,0.28006616,4.1948614,6.118237E-6,-12.843717,9.205166,9.969527,0.17661235,-0.57782525,1.0
3032,0.0059479475,5.893806,2.7530632E-6,-12.94288,11.045524,13.15394,0.47328335,-0.4468187,1.0
3033,-0.27602452,7.3468413,1.2385442E-6,0.6874746,11.748979,15.34764,0.6059613,-0.24572933,1.0
3034,-0.5698267,7.832744,5.5767913E-7,21.79899,9.243159,17.23996,0.7962213,0.047768265,1.0
3035,-0.67801833,9.108034,3.835179,52.788795,7.30455,17.377518,0.9777381,0.18476214,1.0
3036,-0.9481472,8.931513,-1.7612029,75.85859,3.9313617,16.081484,1.0402925,0.26583073,1.0
3037,-1.2843852,7.68529,-4.6277204,105.76844,-1.2446713,16.97745,0.89304394,0.31157425,1.0
3038,-1.5112573,8.126183,-2.082474,132.24881,-4.2065854,18.483135,1.0396137,0.5370843,1.0
3039,-1.8567797,7.4559474,-4.770758,159.75676,-7.951456,20.587969,0.90034366,0.7728969,1.0
3040,-1.8780282,7.0508146,1.340827,176.11679,-10.481943,20.163668,0.86759996,0.6539495,1.0
3041,-2.1495264,7.7923098,-7.0669856,193.86388,-10.969122,17.88873,0.8680342,0.63067853,1.0
3042,-2.4489367,6.7485533,-10.152943,204.4506,-11.501848,16.257702,0.37408388,0.7196389,1.0
3043,-2.5600588,7.312855,-8.404003,213.77731,-10.875127,12.975764,0.2848008,0.7994945,1.0
3044,-2.8670688,8.299575,-17.727398,219.92342,-9.093477,7.340996,0.21139066,0.7870828,1.0
3045,-3.1345894,9.066185,-21.926733,235.75005,-8.747686,1.7376808,0.115047574,0.73052377,1.0
3046,-3.3855236,9.67177,-25.207745,242.18846,-7.8287077,-1.5643121,0.047346167,0.67620796,1.0
3047,-3.7717416,11.268863,-32.26188,252.24376,-5.5523634,-4.098066,0.03114982,0.5896144,1.0
3048,-3.892766,14.5884,-29.85856,263.93707,-0.38766915,-7.680325,0.1047716,0.45806706,1.0
3049,-4.062743,18.95211,-34.354748,281.56595,5.7432747,-10.861022,0.27060908,0.29180747,1.0
3050,-4.0782266,25.42288,-32.891632,296.01068,15.664356,-12.879297,0.604574,0.12439329,1.0
3051,-4.031551,33.819424,-35.71963,315.5344,27.199944,-13.900239,1.2537222,-0.96346736,1.0
3052,-4.2523527,42.188297,-42.909344,335.31973,39.21586,-13.404424,1.8046241,-1.0689049,1.0
3053,-4.618058,50.880722,-47.21055,346.31808,51.68053,-10.908343,2.568535,-1.1550822,1.0
3054,-5.0335946,60.88762,-49.135944,364.2198,65.21809,-7.618923,3.4845178,-1.1796169,1.0
3055,-5.5828714,69.91831,-53.494476,372.31342,77.23092,-4.112048,4.505952,-1.182503,1.0
3056,-6.115926,78.862274,-54.753944,382.4373,88.72916,-1.1487654,5.544833,-1.1552138,1.0
3057,-6.5026784,87.45295,-52.530468,393.49698,98.3416,1.2616857,6.763594,-1.1002752,1.0
3058,-6.942547,95.786545,-55.0163,404.98557,106.88432,3.3763626,8.06599,-1.0338868,1.0
3059,-7.62144,104.09413,-63.107727,416.66724,114.906006,5.156107,9.44522,-0.95258504,1.0
3060,-8.30732,111.38462,-66.75027,423.8861,121.77446,6.150712,10.745174,-0.873779,1.0
3061,-8.927388,117.85803,-68.38801,431.68423,127.931725,7.143326,11.861821,-0.7839278,1.0
3062,-9.578925,124.96491,-72.6114,435.19336,133.3872,7.579468,13.413128,-0.694544,1.0
3063,-10.039684,131.78342,-71.02551,436.77252,138.2643,7.803666,14.998548,-0.6083354,1.0
3064,-10.759291,139.07762,-81.83376,447.33514,143.57716,6.2430654,16.502531,-0.5719608,1.0
3065,-11.712813,145.65071,-92.60758,448.74808,147.45871,6.175874,18.174755,-0.4957585,1.0
3066,-13.008528,151.83795,-107.91499,455.89566,149.86252,6.101817,19.849611,-0.43677872,1.0
3067,-14.227223,157.37006,-114.80333,459.1121,151.58124,4.130659,21.484352,-0.35864115,1.0
3068,-15.125092,162.39073,-114.41669,467.0712,151.55695,2.694728,23.141895,-0.34969312,1.0
3069,-15.643292,166.47568,-110.75629,470.6528,150.27203,0.2299059,24.766428,-0.28456745,1.0
3070,-16.372972,171.12018,-119.56831,472.26456,147.99123,-2.4881673,26.803865,0.22972882,1.0
3071,-16.933653,174.32233,-120.047325,472.98984,145.60548,-3.1374562,28.35668,0.18152511,1.0
3072,-17.005903,177.50294,-109.80368,473.3162,143.32056,-2.5401642,29.892162,0.17026794,1.0
3073,-17.667292,180.49966,-126.13336,480.04773,140.18831,-1.7758999,31.381012,0.1618995,1.0
3074,-18.049456,182.3331,-121.958046,481.06018,136.5496,-0.1816751,32.650875,0.090518795,1.0
3075,-18.461514,183.57793,-124.60911,483.45966,132.59113,0.7511861,33.73627,0.10882267,1.0
